12.8412
2.38413
1.60406
3.92543
3.08631
4.30528
5.08639
1.93892
1.09977
6.76879
6.11205
8.25007
3.70815
3.27902
2.56266
1.44213
2.46457
1.48347
3.66924
5.09007
1.54553
2.89859
2.00865
1.69689
6.63071
2.71586
2.14803
4.3204
2.68478
6.1485
2.95305
2.20828
1.7711
3.74152
1.69295
2.17998
1.69377
8.28134
2.15151
3.25215
2.45948
4.03959
2.54948
3.71243
1.0679
1.73193
2.00258
2.06422
2.13655
2.02587
1.74588
1.79885
1.77389
2.24578
2.08311
2.14551
2.10652
1.76956
1.69239
2.0583
1.74006
2.04635
1.71222
2.22892
1.68329
1.7323
1.3709
1.45658
1.76851
3.02657
1.55372
2.33356
1.56136
1.87909
1.59663
1.49599
1.50296
1.93944
1.62016
1.78659
2.18161
1.47031
1.55873
1.55198
1.42523
1.43288
1.41183
1.52394
1.72561
1.43761
1.61295
1.47822
1.62415
1.52421
1.74831
1.44301
1.57726
1.42105
1.7449
1.4818
1.45461
1.65316
1.49898
1.31415
1.90914
1.71344
1.53283
1.79008
1.56059
1.58395
1.55967
1.46523
1.66342
1.57975
1.74049
1.65811
1.50899
1.59899
1.50847
1.55183
1.54031
1.49508
1.52742
1.60898
1.97625
1.5862
1.54483
1.51475
1.50641
1.60377
1.63671
1.40401
1.46887
1.59884
1.50121
1.48237
1.49638
1.41701
1.48733
1.38227
1.73053
1.72993
1.48026
1.4005
1.44983
1.51019
1.61278
1.46473
1.5163
1.76682
1.68952
1.47894
1.64879
2.10445
1.93929
1.7282
2.46315
2.00679
1.83231
10.5239
2.39484
2.15988
2.04899
2.01403
2.08145
1.81242
1.80998
1.22695
1.77554
1.77025
1.68306
1.30082
1.50824
1.28585
1.04843
1.24836
1.85671
1.97203
115.488
1.96901
2.33255
1.89545
1.95465
1.78275
1.81587
1.88131
1.97033
3.86406
3.47993
3.84247
3.77467
2.98171
2.94959
1.47476
1.67341
1.69016
1.74535
1.65612
1.59001
1.81055
1.60625
1.77173
1.84529
3.24445
1.76956
2.52173
2.01428
1.95251
1.77532
1.77363
1.76478
1.72501
2.15482
1.61507
2.19893
1.90656
2.04243
1.77745
2.18852
1.73711
1.8153
2.02366
2.0609
1.89539
2.00278
1.63274
2.04719
1.73177
1.58364
1.63677
1.67291
2.14559
1.82895
1.71255
1.5736
1.69296
1.75077
2.78406
1.8249
1.97621
1.79609
1.94086
1.82631
2.04549
1.67626
1.83569
1.5591
1.6157
1.71744
1.60192
1.58325
1.7269
1.83278
1.60069
1.72796
1.55785
1.86596
2.05538
1.67658
1.66442
1.71383
1.81723
1.67917
1.78148
1.67409
1.68803
1.64776
1.89334
1.65978
1.63451
1.81149
1.74011
1.64294
1.59948
1.78171
1.66008
1.81848
1.76778
1.7359
1.63109
1.66634
1.67919
2.03665
1.71535
1.78321
1.63162
1.80059
1.61049
1.64569
1.86864
1.77409
0.903108
1.65956
1.70864
1.62062
2.03945
1.72398
1.81115
1.81039
1.63387
1.71512
1.77295
1.6595
1.36764
1.37247
1.25131
1.37936
1.22874
1.22164
1.18721
1.21252
1.45558
1.57926
1.5403
1.44838
1.28488
1.1549
1.26057
2.9418
1.25111
1.27492
1.32502
1.24015
1.5605
1.23924
1.24081
1.46387
1.16947
1.2214
1.52858
1.26059
1.23924
1.34635
1.37906
1.71009
1.58333
0.751001
1.50985
282.024
5.05815
4.83739
1.62094
5.8167
3.3822
2.24518
1.65637
1.7079
1.54892
1.31234
4.28892
1.72753
1.62391
1.81105
1.56102
1.66929
2.04214
2.10811
1.77245
1.60326
1.73341
1.81433
1.56974
1.54729
1.81786
1.58877
2.07874
1.65101
1.8463
1.73395
1.79933
1.66172
2.7883
1.55509
1.92805
1.49752
1.61729
1.7475
1.66782
1.69328
1.69453
1.50783
1.66111
1.46162
1.67864
1.53591
1.60044
1.57285
1.48971
1.67465
1.36688
1.78011
1.80304
1.73164
1.73578
1.83123
1.64656
1.87261
1.63118
1.51535
1.31886
1.51184
1.38544
1.3487
1.40215
1.39299
1.40395
1.27343
1.39756
1.35972
1.97025
1.71776
1.44688
1.23057
1.08066
1.441
1.31658
1.20193
1.18706
1.26984
1.19792
1.22212
1.22857
1.23212
1.39247
1.29342
1.36555
1.27646
1.59256
1.34203
1.45954
1.39591
1.32871
1.39002
1.37072
1.2298
1.2108
1.27325
1.23314
1.38233
1.37989
1.32531
1.22287
1.29935
1.26166
1.20473
1.2985
1.31757
1.36858
1.68951
1.32274
1.41418
1.321
1.36612
1.43721
1.40181
1.67543
1.38464
1.44269
1.44612
1.75016
1.36909
1.30432
1.51852
1.25408
1.25814
1.19259
1.35331
1.37379
1.19878
1.24555
1.23049
1.24099
1.28967
1.45643
1.12439
1.46577
1.55731
1.84089
1.56013
1.73959
1.52803
1.34491
1.67115
1.95639
1.41165
1.39409
1.40681
1.17691
1.32942
1.32977
1.31476
1.40149
1.45424
1.37662
1.54381
1.44824
1.23031
1.38405
1.24671
1.45286
1.37293
1.30431
1.56521
1.28338
1.37031
1.74666
1.24797
1.26392
1.29744
1.1991
1.25878
1.19924
1.25043
1.23499
1.6735
1.91127
1.40599
1.49104
1.36861
1.29864
1.42472
1.28444
1.29807
1.21155
1.22881
1.39104
1.35778
1.58877
1.76239
1.76763
1.61648
1.71845
1.86277
1.85847
1.81658
2.87544
1.67279
1.67788
2.15104
1.60275
1.85017
1.80384
1.78699
1.69101
1.61403
1.59554
1.68763
98.3853
2.88956
1.56204
1.52459
1.59012
1.56812
1.6411
1.57994
1.52064
1.62078
1.69563
1.58168
1.66466
1.52678
1.6025
2.30476
1.68557
1.38213
1.7723
1.6301
1.75821
1.53119
1.60195
1.56336
1.57473
1.60179
1.70063
1.53927
0.780037
1.63415
1.54023
1.57789
1.61946
1.46725
1.70208
1.65126
1.72138
1.5915
1.624
1.73692
1.63184
1.89935
1.61456
1.63429
1.79489
1.76667
1.67005
1.64692
1.67734
1.72036
1.75869
1.63745
1.64921
1.60555
1.72499
1.60319
1.35428
1.6212
1.89357
1.80193
1.60889
1.76799
1.54248
1.62632
1.54289
1.52919
1.52328
2.0093
1.57342
1.70469
1.67037
1.7486
1.78468
1.7842
1.70147
1.6857
1.76976
1.59708
1.69043
1.59083
1.50494
1.59661
1.67176
1.63056
1.66325
1.68475
1.68617
1.62857
1.77916
1.67756
1.67755
1.53137
1.6048
1.83095
1.80506
1.4899
1.70335
1.67716
1.49607
1.58697
1.60198
1.60412
1.65094
1.58726
1.6316
1.50921
1.48043
1.53
1.69179
1.49903
1.52002
1.93749
1.48392
1.68907
1.72694
1.47699
1.46925
1.51331
1.53702
1.6044
1.45804
1.56488
1.15609
1.22656
1.20528
1.32544
1.16614
1.01596
1.37971
1.41095
1.23532
1.3558
1.37767
1.39605
1.22306
1.41955
1.40828
1.20998
1.26607
1.31654
1.40483
1.48912
1.60971
1.20826
1.29146
1.44698
1.30764
1.31187
1.62095
1.65276
1.51873
1.83454
1.77717
1.43841
1.76738
1.77446
1.68841
1.57686
1.92142
1.29066
1.19507
1.48906
1.40866
1.22046
1.19708
1.22023
1.18207
1.20765
1.44269
1.26065
1.28553
1.34159
1.21106
1.37162
1.48384
1.47426
1.33719
1.39451
1.30564
1.92437
1.87116
1.71385
1.70063
1.50624
1.22684
1.38414
1.4619
1.70846
1.96695
1.68462
1.68703
1.75779
1.6373
1.84316
1.92713
1.33468
1.28303
1.27315
0.632514
1.07102
1.25463
1.2916
1.26314
1.21156
1.2458
1.23981
1.23464
1.22699
1.48503
1.29546
1.27577
1.24603
0.73585
1.37486
1.47783
1.5983
0.745977
1.55373
1.31801
1.39139
1.35877
1.42816
1.46908
1.5847
1.45098
1.30763
1.299
1.41264
1.14982
1.18726
1.43631
1.86845
1.481
1.42945
1.59438
1.28715
1.32811
1.44402
1.41224
1.33022
1.28192
1.24821
1.23123
1.22543
1.25949
1.28063
2.24375
1.27052
1.39962
1.57405
1.22644
1.54802
1.50238
1.52006
1.65197
1.31259
1.23407
3.82075
1.58544
1.47664
1.58604
1.59223
1.25933
1.35805
1.65577
1.63187
1.35379
1.82628
1.18378
1.32417
1.33174
1.58562
1.48506
1.26491
1.18923
1.26127
1.30409
1.20703
1.2399
1.28945
1.14048
1.24006
1.27984
1.25283
2.34559
1.38654
1.12807
1.10156
1.49525
1.18278
1.14475
1.19861
1.37875
1.14558
1.22013
146.174
4.52342
5.37761
2.77842
1.5962
1.6618
1.55586
1.81348
1.55856
1.95617
2.71051
1.70357
1.64188
1.95988
1.9293
1.60918
1.76395
1.66001
1.8697
3.31755
1.89379
1.21232
1.40242
1.38816
1.87018
1.4158
1.20835
1.32561
1.58622
1.57111
1.7468
1.98023
1.63398
1.91203
1.73526
1.62053
2.02173
2.72396
3.63943
2.80202
3.25648
2.72126
1.65731
2.38385
0.897374
1.60412
1.75749
1.75849
1.64336
1.91386
1.64252
1.62666
1.60538
1.62553
1.68044
1.62059
1.56555
1.70547
1.63827
1.58121
1.66079
1.61185
1.54141
1.74615
1.56525
1.61413
1.63516
1.54011
1.52789
1.71006
1.77508
1.54882
1.71546
1.56395
1.64078
1.4727
1.4564
1.64765
1.60874
1.26329
1.16453
192.053
3.42688
1.73536
1.67541
0.827195
1.84469
1.72278
1.79139
1.70057
1.89107
1.728
1.68557
1.74317
1.6563
1.91315
1.83767
1.6487
1.59237
1.71165
1.55927
1.67635
6.35026
1.93248
2.04506
1.85949
2.31364
1.61867
1.60714
1.91925
1.79129
1.70329
1.59181
1.87515
1.71803
1.68952
1.43771
1.7902
2.07356
2.04357
1.85047
1.70375
1.80869
1.70355
1.64098
1.67658
1.92758
1.79891
1.6925
1.67662
1.83555
1.74742
1.67296
1.6783
1.75781
1.70326
1.73183
1.65273
0.849317
1.74726
1.69076
1.79694
1.822
1.62771
1.68893
1.64189
1.7053
1.6186
0.823877
1.56351
1.73249
1.61954
1.75319
1.79588
1.77699
1.7864
1.63517
1.68138
1.68488
1.71668
1.69369
1.92983
1.73001
1.81429
1.74931
1.92114
1.71205
1.84853
1.70421
1.92888
1.76063
1.56266
1.6711
1.62118
1.59411
1.74906
1.90119
1.73452
1.76739
1.70613
1.7099
1.80535
2.05138
1.70747
1.69502
1.76267
1.64639
1.693
1.62953
0.824746
1.83557
1.68155
1.90461
0.90185
1.66994
1.68547
1.83446
1.7563
1.62404
1.62588
6.57512
1.83425
1.88444
1.89369
2.02472
1.78229
1.74281
1.83775
1.69596
1.67408
1.66504
1.61784
1.73138
1.78489
1.60728
1.72044
1.65347
90.6902
1.6517
1.71737
1.61066
1.6762
1.62278
1.79754
1.73455
1.67022
1.63616
1.6612
1.78409
1.76011
1.78747
1.89805
1.58051
1.91929
1.642
1.52222
1.7648
1.55375
1.18278
1.21944
1.26837
1.32412
1.25541
1.48311
1.59409
1.70646
1.61383
1.63656
1.66951
1.72151
1.5918
1.60677
1.60454
1.5851
1.55354
1.47024
1.70837
1.41575
1.59004
1.61429
1.75035
1.62983
4.08508
1.89925
1.7634
1.95077
1.60272
1.70073
1.75182
1.66497
1.82115
1.68282
1.64613
1.93783
1.68971
1.69698
1.76555
0.854746
1.60414
1.68336
1.65814
1.36578
1.73053
1.68735
1.73126
1.66874
1.57106
1.73748
1.66144
1.58551
1.59908
1.60788
1.35949
1.688
1.60452
1.66618
1.61932
1.75945
1.69877
1.69514
1.76229
1.6133
1.8161
1.8646
1.76645
1.74364
1.56491
1.77222
1.86706
1.61174
1.76382
1.86589
1.61087
1.53046
2.31341
1.5869
1.65269
1.90547
1.65528
1.79123
1.76828
1.61373
1.75741
1.81811
1.91483
2.22239
1.95622
1.7447
1.74673
1.66305
1.67843
1.95847
1.58654
1.57372
1.49173
1.44409
1.50627
1.73609
1.60505
1.64536
1.60721
1.61375
1.93309
1.7446
1.62826
1.72495
1.71375
1.69027
1.58191
1.55822
1.54415
1.61334
1.74988
1.64138
1.63044
1.55659
1.33687
1.35231
1.22742
1.24931
0.617244
1.25669
1.26914
1.19738
1.20962
1.48828
1.25753
1.14604
1.42378
1.40681
1.44375
1.15597
1.1932
1.61438
1.14787
1.29086
1.3407
1.21984
1.19443
1.4594
1.2318
1.18573
1.52487
1.18007
1.28546
1.33161
1.23745
1.40583
1.28542
1.41271
1.29782
1.20347
1.36635
1.32803
1.14054
1.2145
1.33741
1.36435
1.45227
1.37443
1.37289
1.47799
1.36729
1.40534
1.14344
1.3509
1.21137
1.63078
1.45075
1.42479
1.26818
1.43063
1.40586
1.54123
1.28999
1.51736
1.27527
1.24525
1.50429
1.37828
1.2964
1.38958
1.2401
1.48178
1.56392
1.52958
1.88386
1.65507
2.01705
1.91609
1.76456
1.62293
1.61495
1.61305
1.75126
1.84074
1.4672
1.64172
1.64384
1.60552
1.91565
1.92883
1.73544
1.75696
1.8308
1.70186
1.6121
2.13111
1.65291
1.67868
1.66223
2.03096
1.69426
1.96628
1.73125
1.76097
1.59992
1.75098
1.75214
1.54416
1.87825
1.63472
2.48111
1.71402
1.71193
1.63943
1.40786
2.22987
1.79843
1.3666
1.55348
1.3896
1.42753
1.47601
1.41412
1.43624
1.41703
1.79799
1.3939
1.49625
1.22237
1.45761
1.21782
1.21521
1.86956
1.68941
1.90813
1.69155
1.86469
1.77705
1.67339
1.70403
1.80816
1.77499
1.89238
1.97771
1.55124
1.75293
1.64262
1.6828
1.61921
1.82447
1.57202
1.71492
1.65955
1.78638
1.76486
1.81717
1.61093
1.77052
1.70131
2.13262
1.82137
1.5565
1.90856
1.83068
1.64553
1.69739
1.83676
1.61329
1.66815
1.95703
1.88439
1.87593
1.69765
1.85915
1.79981
1.77086
1.68664
1.71851
1.61327
1.81028
1.95189
1.9652
1.59385
1.73976
1.67525
1.73677
1.66107
1.8226
1.79541
1.82947
1.62982
1.51706
1.64077
1.45678
1.38168
1.59396
1.58492
1.66779
1.907
1.94219
1.53295
1.55204
1.70419
1.6016
1.47153
1.60763
1.58158
1.60772
1.52882
1.8072
2.9742
1.45798
1.56208
1.43763
1.54048
1.93243
1.64541
1.49309
1.54105
1.68509
1.54931
1.54717
1.6795
1.63593
0.833107
1.56169
1.6382
1.71831
1.75137
1.61975
1.66565
1.84597
1.60781
1.43264
1.83489
1.45863
1.27242
1.3468
1.49584
1.37962
1.34059
1.53922
1.47639
1.40195
1.50115
1.49649
1.48374
1.54364
1.49349
1.50412
1.43334
1.55001
1.57189
1.36973
1.43045
1.40697
1.44318
1.47393
1.61229
1.54996
1.44468
1.49682
1.60591
1.62697
1.56066
1.68622
1.4552
1.70637
1.53286
1.6219
1.53453
1.51294
1.58799
5.2176
1.64022
1.64675
1.5241
1.62605
1.29644
1.56772
1.70016
1.63946
1.68257
1.4726
1.56951
1.29617
1.22673
1.23761
1.34693
1.72068
1.17893
1.57886
1.33212
1.58478
1.54121
1.44027
1.39259
1.09854
1.25872
1.30414
1.18737
1.24378
1.24083
1.24942
1.17064
1.13981
1.0801
1.10866
1.28211
1.18957
1.26352
1.18707
1.22183
1.06252
1.18659
1.2857
1.18961
1.23276
1.27737
1.51424
1.55821
1.54659
1.57932
1.7758
1.35284
1.1741
1.27441
1.17857
1.52741
1.21073
1.23195
1.37662
1.19752
1.48703
1.45591
1.60639
1.53994
1.5049
1.48603
1.29021
1.13948
1.17645
1.15372
1.3881
1.26734
1.1915
1.4726
1.03623
1.37613
1.59542
1.51238
1.29702
1.22293
1.39945
1.29883
1.47411
1.3817
1.5449
1.40039
1.87623
1.50147
1.73594
1.57232
1.27608
1.15787
1.32408
1.16245
1.26012
1.20323
1.2271
1.24823
1.17025
1.31258
1.89324
1.55633
1.45688
1.37107
1.2722
1.2036
1.15995
1.39669
1.27823
1.34888
1.46572
1.39737
1.4232
1.48542
1.37221
1.39455
1.73636
1.49273
1.64478
1.322
1.60298
1.52903
1.42211
1.62002
1.25541
1.30966
1.49518
1.55125
1.39855
1.35819
1.19396
1.33902
1.20295
1.17754
1.30476
1.46233
1.34125
1.59089
1.34748
1.37575
1.28331
1.22398
1.26585
1.20797
1.19133
1.23963
1.22615
1.20406
1.14622
1.25098
1.22934
1.25816
1.29053
1.29612
1.37832
1.26276
1.28403
1.34737
1.24279
1.41628
1.15477
1.3564
1.57329
1.12567
1.29197
1.24337
1.15971
1.40965
1.31322
1.36285
1.40534
1.29202
1.17416
1.26878
1.65045
1.63476
1.52655
1.62262
1.44505
1.88713
1.75098
1.54841
1.7501
1.8379
1.71547
1.79351
1.6782
1.60105
1.71365
1.7416
1.66442
1.59257
1.53088
1.78946
1.70348
1.70099
1.60456
1.72554
1.7358
1.6964
2.84239
1.42153
1.69299
1.62384
1.63925
1.66959
1.70572
1.96007
1.70818
1.57893
2.01975
1.29332
1.19121
1.11509
1.27005
1.30523
1.2716
1.37095
1.2727
1.3385
1.91143
1.58996
1.74689
1.61565
0.967105
1.57061
1.6081
1.59205
1.56945
1.59461
1.69409
1.49033
1.69148
1.40149
1.4403
1.63346
1.50724
1.52937
1.69645
1.62505
1.68586
1.69316
1.4971
1.63475
1.50189
1.44043
1.47068
1.60383
1.64244
1.53409
1.55699
1.65404
1.51831
1.34874
1.65539
1.53511
1.57394
1.3813
1.49745
1.88265
1.56854
1.30815
1.58139
1.58882
1.66546
1.77549
1.56336
1.79851
1.57924
1.54606
1.50829
1.53612
1.51905
1.57407
1.62271
1.56821
1.58902
1.56903
1.54978
1.58557
1.61376
1.64282
1.60206
1.41787
1.66072
1.53774
1.57041
1.57677
1.59721
1.3576
1.63603
1.51134
1.40155
1.28497
1.55783
1.47743
2.3169
1.57219
1.5891
1.67522
1.3897
1.7327
1.98308
1.67271
1.63395
1.60129
1.65884
1.71684
1.53558
1.53405
1.63766
1.60913
1.52795
1.50255
1.62362
1.69374
0.906504
1.16054
1.16264
1.22857
1.1494
1.14837
1.2398
1.23527
1.14947
1.10647
1.17406
1.20928
1.21323
1.18845
1.28869
1.19545
1.15212
1.13714
1.14962
1.23033
1.21402
1.1847
1.11058
0.56293
1.29502
1.25232
1.38573
1.43387
1.51253
1.31516
1.39091
1.11489
1.42185
1.35011
1.26893
1.25842
1.1671
1.15493
1.13844
1.27197
1.25055
1.28912
1.35638
1.15954
1.33423
1.34855
1.2933
1.30706
1.38894
1.13213
1.2606
1.32399
1.16125
1.18299
1.13606
1.40297
1.33792
1.12402
1.34176
1.60857
1.55279
1.22348
1.93895
1.59707
1.38437
1.15886
1.16231
1.23083
1.36698
1.24354
1.21271
1.18008
1.2559
1.19662
1.19913
1.2884
1.33162
1.27602
1.22546
1.28196
1.25869
1.31662
1.26659
1.41987
1.38926
1.16407
1.12657
1.26845
1.23473
1.19616
1.21142
1.51826
1.61492
1.18235
1.39094
1.36326
0.607938
1.19167
1.1291
1.21933
1.43038
1.39617
1.65543
1.50388
1.3547
1.19299
0.995879
1.2704
1.18307
1.12249
1.15035
1.27947
1.17356
1.23061
1.15567
1.173
1.27037
1.17694
1.21325
1.10308
1.12888
1.19369
1.15615
1.30902
1.47924
1.59753
1.44975
1.39502
1.39354
1.31596
1.21153
1.22456
1.44947
1.25063
1.1672
1.28657
1.16561
1.12798
1.29134
1.26095
1.2846
1.60384
1.48142
1.44416
1.43267
1.39752
1.3255
1.28745
1.3201
1.53006
1.48559
1.42256
1.41389
1.32206
1.40045
1.14798
1.19672
1.2115
1.14629
1.26976
1.02256
1.2895
1.32989
1.33338
1.33681
1.65662
1.4355
1.47926
1.69008
1.56268
1.55064
1.46727
1.48269
1.5375
1.41593
1.26961
1.70745
1.29182
1.30605
1.52519
1.55963
1.54962
1.6529
1.70242
1.50789
1.51264
1.8362
1.61431
0.814039
1.55473
1.54702
0.790867
1.58262
1.58341
1.56086
1.57853
1.59473
1.42869
1.48539
1.43997
1.50539
1.55967
1.53542
1.74054
1.67593
1.63981
1.54938
1.53494
1.77161
1.73308
1.68079
0.836659
1.56804
1.52236
1.51424
1.57969
1.57038
