8.0986
2.80608
3.38936
2.13611
2.08468
1.92865
1.06969
1.0753
1.05921
1.09698
1.05699
1.00743
1.01929
1.02941
1.0338
1.0346
1.03324
1.04285
1.016
1.03183
0.995955
0.989424
0.994193
0.994738
0.974483
0.997577
1.02334
1.06343
1.00614
1.05124
1.0613
1.03616
0.99152
0.98488
1.02853
1.03886
1.02271
1.01223
1.01775
1.02176
0.996651
1.0047
0.994736
1.01405
1.02364
0.998452
1.02443
1.03013
1.0023
1.05464
1.00901
1.02498
1.009
1.02994
1.02389
1.0188
1.00295
1.02632
1.0129
1.00514
1.01703
1.00875
1.02049
1.00513
1.01747
1.02735
1.01536
0.99439
1.00027
1.03463
0.98848
1.01364
1.01522
1.00765
1.07703
1.04195
1.05677
1.04964
1.07683
1.07317
1.03345
1.05053
1.08099
1.06492
1.05362
1.08487
1.06454
1.00789
1.06143
1.06627
1.0612
1.05749
1.04469
1.08134
1.01765
1.05579
1.08475
1.02778
1.00666
1.0539
1.07508
1.05323
1.07486
1.04623
1.04215
1.08597
1.04069
1.13138
1.01505
1.06547
1.05291
1.05874
1.04659
1.02819
1.02182
1.04096
1.07452
1.07261
1.08421
1.02802
1.0551
1.05018
1.04621
1.07287
1.05642
1.05286
1.11027
1.0817
1.08541
1.11249
1.08147
1.06087
1.09278
1.13077
1.079
1.08774
1.09116
1.06799
1.0726
1.05233
1.03556
1.04151
1.09154
1.04839
1.14837
1.39897
1.39696
1.39728
1.39851
1.41362
1.36613
1.39861
1.42675
1.41074
1.41396
1.41227
1.42429
1.41823
1.36518
1.01124
0.994633
1.00119
1.01294
1.0216
1.01328
1.00632
0.996622
0.99224
1.03062
1.01874
1.01724
1.0059
1.00798
1.01426
1.00928
1.05208
1.01462
1.01502
1.05705
1.02794
1.01176
0.977556
1.03971
1.0463
1.01543
0.992549
1.01783
0.99272
1.01414
1.01191
0.997296
1.00788
1.02018
1.01856
1.02819
1.04723
1.00075
1.02391
1.03133
1.01485
1.02422
1.05529
1.02927
1.09755
1.04282
1.02304
1.06922
1.05859
1.05148
1.06541
1.08895
2.23971
2.81084
2.16817
2.65837
2.4877
2.33732
0.99497
0.996044
1.01884
1.0378
0.999103
1.02067
1.01887
1.09522
1.09519
1.05291
0.968199
1.00674
0.988931
1.00565
0.972555
0.970695
1.04621
0.996082
0.992395
1.02217
1.01836
1.05792
1.02561
0.985186
1.03201
0.978821
0.971661
0.97084
0.991712
0.912819
0.964484
0.931299
0.952248
1.01211
0.988839
0.978848
1.03885
0.986751
1.00333
1.04805
1.03742
1.03345
0.987215
0.985405
0.984842
0.948893
0.956128
0.99448
0.95491
0.968124
0.947854
0.975304
0.990821
1.00248
1.01106
1.01002
1.04928
1.06659
1.00033
1.00353
1.02199
1.02402
1.03725
1.02663
1.07447
1.0369
1.06377
0.983921
0.947788
0.93115
0.97859
0.984473
0.96118
0.988466
0.945605
0.984954
0.962061
0.963551
0.952313
0.971075
0.979852
1.02474
1.02656
0.978658
1.08722
1.08252
1.04054
0.97548
0.958901
0.994737
0.970276
0.988114
0.983184
0.978039
1.00453
0.989592
0.969344
0.984615
0.991147
0.981384
0.968367
0.976356
0.957827
0.985427
0.995804
1.00936
0.974278
0.992557
0.965165
1.00372
1.00835
0.999418
0.971139
0.974816
0.970266
1.01399
1.00115
1.00609
0.995508
0.991988
1.00718
0.998465
1.0284
1.01019
1.04542
1.0058
1.01511
1.02934
1.01864
1.03339
0.967995
1.00297
1.04289
0.994514
0.98703
0.998968
0.972525
0.963961
0.967378
0.962631
0.979834
0.994801
1.04323
1.0145
1.02969
1.00503
1.05157
1.02886
1.02619
1.03672
1.04218
1.05811
1.13759
0.990087
0.971196
0.952948
0.965163
1.01052
0.995641
0.994005
0.962959
0.956019
0.969585
0.983399
0.976469
0.983445
0.975462
0.936579
0.950043
0.950918
0.959685
0.961189
0.949767
0.952601
0.95798
0.957968
0.972606
0.943175
0.95214
0.977452
0.980491
0.982971
0.978993
1.06859
1.02427
0.932357
0.928057
0.957763
0.900342
0.927564
0.939781
0.948279
0.981233
0.959407
0.941279
1.00306
0.962497
0.951284
0.989336
0.962134
0.941048
1.0066
0.972445
0.982867
1.01439
0.96924
0.979711
0.992604
1.00279
0.971794
0.928691
0.956473
0.993257
0.990862
1.03928
1.03399
1.02837
0.987609
0.965395
0.979143
0.96113
0.949828
0.986384
1.26757
1.26497
1.2621
1.25243
1.22255
1.2753
1.27994
1.30206
1.24537
1.23085
1.31749
1.29389
1.31748
1.2889
1.31961
1.28922
1.30608
1.33776
1.27883
1.2952
1.25912
1.26789
1.21332
1.19572
1.21297
1.23506
1.23559
1.19882
1.2231
1.20138
1.21839
1.16734
0.920073
1.01815
0.919382
0.930755
0.957121
0.98525
0.961227
0.932405
0.952754
0.92705
0.929098
0.932785
0.956413
0.949191
0.929152
0.93817
0.920003
0.920142
0.922577
0.937882
0.966032
1.01093
1.0415
0.964356
0.948895
0.97741
0.949444
0.947725
0.944598
0.968728
0.941256
0.968519
0.953599
0.970992
0.938427
0.962039
0.949191
0.954985
0.949029
0.952116
0.938393
0.957759
0.953625
0.945577
0.966476
0.951894
0.954795
0.966591
0.970974
0.939996
0.933653
0.951399
0.946295
0.933726
0.942046
0.974292
0.971422
0.986852
0.973407
0.950226
0.961488
0.948288
0.981053
0.97393
0.982221
0.99832
0.989536
0.993069
0.975153
0.988918
0.972624
0.985262
0.999138
0.994439
0.98529
0.966615
0.978664
0.968031
0.997808
1.13106
1.22309
1.21593
1.21802
1.23292
1.22447
1.2139
1.20945
1.2292
1.24476
1.21322
1.24772
1.21694
1.23619
1.30845
1.27155
1.28196
1.29709
1.28782
1.33557
1.26089
1.2906
1.27823
1.20399
1.2202
2.51567
2.46371
2.53028
2.50863
1.28544
1.01104
1.04564
1.01398
1.04032
1.0207
1.03005
1.05297
1.01381
0.994566
0.940774
0.931345
0.928542
0.943554
0.936267
0.910248
0.949148
0.855361
1.05374
0.906854
0.907974
0.963671
0.979412
0.959068
0.951715
0.948086
0.94564
0.921775
0.959111
0.955663
0.94312
0.977217
0.947086
1.01277
0.968395
0.918977
0.974934
0.987244
0.991898
0.979842
0.999904
0.948175
0.950876
0.947735
0.95684
0.943747
0.962736
0.936169
0.97371
0.958249
0.942221
0.935032
0.922288
0.888748
0.915304
0.91937
0.90292
0.900773
0.96124
0.907897
0.911317
0.900274
0.833606
0.917616
0.954661
0.896522
0.890651
0.900243
0.929678
0.880575
0.959487
0.98031
1.01502
1.01806
1.0129
0.998757
0.964921
1.02263
0.995859
1.09298
0.98771
0.988872
0.939495
0.960351
0.95084
1.02026
1.01025
1.0207
0.986332
1.02015
1.00441
1.03204
0.997708
1.04213
0.961988
0.982043
0.947819
0.96067
0.962992
0.964791
0.957885
0.965207
0.948795
0.956853
0.998932
0.973871
0.968516
0.982672
0.972009
0.965506
1.00791
0.980924
0.973858
0.995661
0.987215
0.992761
0.98421
0.988576
1.00697
1.00249
0.983105
1.00129
0.986916
0.990714
0.983025
0.980799
0.994532
0.974443
0.982666
1.0357
1.01511
1.01511
0.989883
0.964334
1.01159
0.999647
0.98963
0.981314
1.04687
0.990157
0.99359
1.00718
1.03324
1.04402
1.0915
1.00587
1.01347
1.00388
0.98782
0.979076
0.982083
1.02083
0.916807
0.944772
0.934304
0.957616
0.970307
0.982207
1.00593
0.985529
1.01176
1.04802
0.977522
0.93371
0.928472
0.95507
1.02128
0.972128
1.13497
1.02617
1.07561
1.04887
0.993199
1.01917
1.21431
1.07623
1.02414
1.00619
0.992922
1.00029
0.988184
0.999418
0.953311
2.39121
2.11942
2.14027
2.15533
1.76651
1.04176
1.04167
1.0169
1.02599
1.08017
1.02054
1.00082
1.01537
0.994852
0.995873
0.946405
0.973082
0.96281
0.952331
0.936854
0.956817
0.980112
0.995684
0.991146
0.952886
0.965968
0.953114
0.972113
0.955876
0.933902
0.948156
0.960118
0.954024
0.97097
0.964592
0.954001
0.95895
0.961064
0.942523
0.954875
0.952095
0.925901
0.970931
0.961664
0.984689
0.937848
0.938015
0.964372
0.94568
0.940447
0.957715
0.969913
0.959208
0.961176
0.999672
1.01716
0.990066
0.97762
0.999301
0.980228
0.994075
0.992946
0.988557
0.977097
0.962554
0.980062
0.992551
0.988698
0.992531
1.01666
0.997158
0.997802
0.963207
0.970491
0.981691
0.949854
0.947444
0.954615
0.973621
0.929853
0.983599
0.982792
0.964538
1.00705
0.967832
0.971372
1.00707
0.989967
1.00825
1.00946
0.997032
0.971564
0.99828
0.988805
0.974298
0.971914
0.946226
0.967129
0.979928
0.996325
0.96882
1.0261
0.957642
1.02367
0.9369
0.919817
0.96363
1.00468
1.00574
1.04862
0.981444
0.993578
0.984051
0.97277
0.973944
0.971018
0.925382
0.968444
0.975747
0.961386
0.978628
0.99126
1.05572
1.08036
1.04135
1.03573
1.04961
1.03517
0.969452
0.984548
0.977216
0.992831
0.997949
0.939504
0.957588
0.941238
0.932186
0.930309
0.943316
0.949698
0.936353
0.951049
0.98045
0.963788
0.966845
0.969808
0.955132
0.950286
0.972091
0.983914
0.976227
0.989796
0.978304
0.931464
0.952901
1.00183
0.989679
0.991718
0.97059
0.990582
0.949326
0.947592
0.969571
0.966566
0.967402
1.00826
0.949834
0.914119
0.988071
0.952554
0.975571
0.988566
1.01146
1.0068
0.97158
0.957481
0.970583
0.991126
0.980096
0.996312
0.99297
0.995658
1.01734
0.971762
0.998709
0.976784
1.00082
0.983375
1.03534
1.0203
0.982172
0.974779
1.03576
0.996308
0.973933
0.988709
0.994336
0.96398
1.00221
1.00875
1.00801
0.999
1.00289
0.985842
0.993449
0.971344
0.959888
0.965809
0.995385
0.984537
0.944475
0.973093
1.01007
1.01166
1.01402
1.06228
1.00894
0.998412
0.972087
0.97817
1.03288
1.00202
1.00804
0.992981
1.01918
0.972116
0.971472
0.985662
0.962636
0.977259
0.994081
1.00507
0.983867
1.04569
0.988936
0.982983
0.932012
0.932642
0.976837
0.993084
0.993907
4.03847
0.952784
0.971012
0.978773
0.992998
0.980294
1.33553
0.934326
0.959618
0.945742
0.911178
0.933206
0.938249
0.938194
0.939276
0.941209
0.976345
0.947081
0.916867
0.9342
0.938548
0.942903
0.950888
0.922632
0.9385
1.06106
1.00334
0.981816
0.954098
0.973501
0.965166
0.941305
0.976407
0.938856
0.928667
0.918423
0.945757
0.980336
0.976184
0.99886
0.953934
0.960272
0.959096
0.954699
0.956394
0.934022
0.99398
0.976611
0.951504
0.977676
1.00178
0.991244
0.96571
0.962487
0.943214
0.931939
0.955225
0.961556
0.942835
0.954703
0.946645
0.955288
0.946614
0.946288
0.95068
0.95578
0.94907
0.953869
0.963792
0.980139
0.999197
0.961949
1.00626
0.960569
0.970936
0.9389
0.954667
0.925776
0.95914
0.941893
0.9324
0.941565
0.923468
0.978018
0.940621
0.936595
0.949236
0.940875
0.93588
0.978186
0.982873
1.00798
0.987353
0.988217
0.953709
0.941822
0.931212
0.94842
0.95187
0.94535
0.997126
0.968156
0.976706
1.00262
0.943733
0.974628
0.988573
0.966603
0.994868
0.987309
4.17738
1.02403
0.958746
0.980328
0.993523
0.944805
0.970539
0.99926
1.00013
0.974253
0.994737
1.01464
0.979915
0.952903
0.957384
0.955053
0.949172
1.0046
0.992073
1.03263
1.00327
0.97042
0.98949
0.967646
0.968075
0.949234
0.956421
0.951242
0.946544
0.947873
0.93467
0.984989
1.01443
0.951761
0.940156
0.94316
0.952276
0.996009
0.980198
1.02805
1.01225
2.61063
2.46868
2.12562
1.83485
1.77581
1.83604
1.81538
1.73802
1.00719
0.957544
0.987589
1.00975
0.939029
0.964551
0.941968
0.937255
0.959719
0.970274
0.954287
0.942712
0.937535
0.971843
0.93437
0.912918
0.931974
0.919861
0.939945
0.93507
0.918044
0.986272
0.989607
1.00995
0.996619
0.9929
0.94665
0.991273
0.945395
0.945294
0.963532
0.970121
0.989173
0.992872
0.961237
1.027
0.959508
0.936412
0.949204
0.953855
0.948807
0.981565
0.988541
0.99644
0.988127
0.971942
3.88821
0.987856
0.967567
0.936618
0.990235
0.971778
0.944092
0.956367
0.935706
0.960866
0.98625
0.933551
0.941404
0.901488
0.952931
0.938965
0.943078
0.894353
0.925861
0.89868
0.894287
0.959047
0.919987
0.966836
0.978957
0.983907
0.963425
0.974033
1.01138
1.00507
0.97008
0.931219
0.956587
0.949178
0.941479
0.993256
0.932204
0.933456
0.957353
0.916713
0.956814
0.939708
0.918846
0.912095
0.923056
0.987347
0.992165
1.03845
0.990533
1.022
0.992429
0.987953
0.975297
0.978232
0.965667
1.00676
1.01426
0.979866
0.971247
0.96851
0.998006
0.983562
0.976618
1.00094
0.984698
0.978671
1.01447
0.963623
0.980488
0.98911
0.985555
0.98294
0.998419
1.01049
0.977511
1.00775
0.992852
0.986721
0.969242
0.976313
0.931844
0.93081
0.972377
0.94797
0.961082
0.926219
0.949549
0.960144
0.960571
0.960904
1.0075
0.979296
0.970771
0.987132
0.994697
0.9937
0.999285
1.01655
0.98789
0.974383
0.982423
1.02059
0.982022
0.966696
0.989734
0.935741
0.950809
2.80723
0.993136
1.02186
0.98918
0.980118
0.999713
0.931775
1.81337
2.64928
2.57358
2.53101
1.77847
1.43812
1.43152
1.46006
1.43148
1.41826
1.43232
1.07245
0.975888
0.982634
0.979228
0.956024
0.923585
0.931991
0.97285
1.03471
0.975422
0.984039
0.934602
0.919723
0.928613
0.956231
0.961448
0.912469
0.923796
0.938903
0.917657
0.933541
0.972871
0.975871
0.927486
0.951358
0.936398
0.917319
0.967647
1.02484
0.998627
0.971617
0.945075
1.00092
0.976525
0.947795
0.984018
0.970252
0.931802
0.948269
0.973163
0.997027
1.01414
0.981513
0.994444
0.994415
0.972621
0.989655
0.981282
1.00522
1.02659
0.964571
0.965213
0.979552
1.00106
1.00915
1.04541
0.988065
0.995462
0.993128
0.930027
0.964514
0.952109
1.0197
0.961364
0.986709
1.05484
2.63768
2.47928
2.28979
1.82204
1.81065
1.8308
1.80377
1.83296
1.13228
0.981048
0.975424
0.966614
0.971201
0.976635
0.95677
0.98137
1.54932
0.996968
0.968263
1.01998
1.03622
1.03775
1.00411
0.990158
1.00257
0.993634
1.00257
1.00168
1.0145
0.943966
0.942837
0.956162
0.955514
0.949159
0.964594
0.942917
0.929719
0.956075
0.94046
0.93729
0.958528
1.00569
1.00167
1.00056
1.02518
1.01138
1.00973
0.961173
1.04293
0.995061
0.963834
0.981068
0.993539
0.966991
0.996419
0.949621
0.936521
0.945955
0.963397
0.976409
0.993503
0.989606
0.945971
2.8316
3.92271
3.2318
2.14359
2.11665
1.55037
0.986828
1.03425
0.993082
0.984444
0.981609
0.961476
0.944854
0.976663
1.01374
1.01302
0.972263
0.980341
0.989924
1.03035
0.963981
0.949465
0.984456
0.979078
0.991224
0.956531
0.980805
0.979786
2.64261
2.43277
2.53967
1.39435
1.40572
1.39956
1.43161
1.42213
1.42864
1.39213
1.15623
1.02069
0.940735
0.984946
0.973797
0.946845
0.955682
0.933924
0.943129
0.969872
0.96229
0.966166
1.02215
0.996375
0.988236
0.976305
1.00513
0.987243
0.983547
0.969408
0.983942
0.981557
1.00083
1.00942
0.986864
0.951482
0.964147
0.957865
1.21887
0.946329
0.930972
0.906017
0.922042
0.924111
0.943729
0.935849
0.944855
0.901837
0.906095
0.923049
0.914871
0.913628
0.912815
0.945666
0.948864
0.914141
0.92345
0.90855
0.899983
0.942371
0.927705
0.93049
0.932926
0.966093
1.01685
0.946095
0.91435
0.898057
0.899133
0.868558
0.926089
0.896922
0.900662
0.896055
0.901163
0.94029
0.950962
0.922406
0.925295
0.894995
0.903692
0.945725
1.03327
1.03121
0.964619
0.963211
0.93668
0.920193
2.43108
2.50064
2.2206
2.04946
2.08559
2.09802
2.03478
1.19013
0.977587
0.959662
0.986318
0.935361
0.976718
2.57173
2.40447
2.47681
2.48503
2.53272
2.14726
1.14682
1.08453
1.11491
1.11455
1.08397
1.0809
1.09655
1.09268
1.05624
0.981622
0.944799
0.936325
0.952868
0.939312
0.908364
0.909584
0.901114
0.898859
0.896168
0.932011
1.1083
0.987738
0.980459
1.00546
0.985003
0.936066
0.966455
0.96188
0.959105
0.954009
0.961654
0.96852
0.969834
1.01414
0.95002
0.957584
0.950936
0.959055
0.966379
0.998685
1.00986
0.994284
0.979057
0.926334
0.948637
0.911877
0.953675
0.949788
0.974456
0.969248
0.997336
0.940031
0.958791
0.980649
0.956401
1.02202
0.981383
0.989002
0.964014
0.949018
0.95303
1.00353
0.985167
1.0256
0.964917
0.939872
0.926106
0.935971
0.942366
0.96756
0.955339
0.967193
0.935654
0.958694
2.41262
2.47813
2.46442
1.64914
1.48481
1.47339
1.4961
1.44224
1.46843
1.4792
0.958533
0.988163
0.983874
0.982962
1.00675
0.985401
0.97228
0.979689
0.989229
0.986172
0.988374
0.987756
0.991549
0.979767
0.969346
0.97029
0.96048
0.957992
0.983125
0.970267
0.970986
0.974731
0.992894
0.996539
0.971918
0.979232
0.995719
0.996049
1.6462
2.12774
2.28721
2.31035
2.29895
1.76102
0.976359
0.963678
0.997164
0.978162
1.01951
0.996441
1.01843
0.993799
0.952017
0.946601
0.916123
0.903451
0.945077
0.926214
0.924388
0.936289
0.930033
0.922418
0.939823
0.967269
0.943612
0.972077
0.96798
0.938534
0.940407
0.941205
0.939759
0.984804
0.995217
1.03595
0.997823
1.02925
0.970958
0.966974
1.01691
0.981581
1.01108
0.994922
1.00867
0.994899
0.968867
0.990708
0.974587
0.999388
2.36964
2.4873
2.4306
1.70362
1.69192
1.695
1.70844
1.68352
1.552
0.939343
0.936603
0.9466
0.968922
0.966443
0.930264
0.912133
0.931734
0.967538
0.935429
0.925088
0.947705
0.908932
0.927892
0.927079
0.956747
0.934109
0.932684
0.920251
0.925158
0.935691
0.922015
0.918646
0.973226
0.943134
0.884781
0.913491
0.91823
0.881881
0.919901
0.948645
0.939124
0.929478
0.930213
0.931115
0.93067
0.911988
0.910637
0.923754
0.93193
0.916485
0.926309
0.903728
0.936351
0.938056
0.96999
0.953117
0.954446
0.937521
0.941119
0.948817
0.95059
0.978013
0.920509
0.957192
0.945709
0.930963
0.960835
0.941672
0.934387
0.943869
0.931084
0.940857
0.920444
0.943291
1.22714
0.94614
0.948503
0.973443
1.04193
0.993294
1.00464
0.999728
1.02354
1.02705
0.998928
0.95668
0.997613
0.97174
0.99646
0.978002
1.00651
0.980901
0.988346
0.942354
0.929389
0.941514
0.958587
0.949746
0.932061
0.91321
0.885189
0.959246
0.961781
0.936356
0.970768
0.952222
0.939629
0.943003
0.962316
0.935847
0.897929
0.958702
0.942111
0.946127
0.900902
0.944736
0.959487
0.946545
0.97302
0.935559
0.927854
0.951733
0.972115
0.969056
0.994073
0.971015
0.968139
0.986663
0.985484
0.992933
0.9819
0.973873
0.952389
0.983585
0.980638
0.973169
0.964842
0.957886
0.992296
0.984818
0.950401
0.965543
0.963984
1.00304
1.03744
1.04425
0.971375
0.961404
0.963393
0.92997
0.936394
0.936766
0.948214
0.937413
0.924305
0.961569
0.931373
0.930407
0.948733
0.912507
0.938091
0.940549
0.923246
2.30252
2.49806
2.40597
2.58261
2.45806
1.46515
1.08861
1.03917
1.03229
1.06446
1.03232
1.03283
1.06405
1.04298
1.05052
0.990203
1.02956
0.983265
0.965454
0.915401
0.95225
0.957535
1.01537
0.989043
0.990513
0.974246
1.00137
0.988993
0.986124
0.992163
0.981239
0.977993
0.981061
0.952835
0.965088
0.963082
1.00291
2.67501
2.46102
2.5312
1.57281
1.38332
1.40643
1.34156
1.31888
1.28315
1.33823
1.292
0.950587
0.944701
0.928021
0.983203
1.03479
0.972222
1.00954
0.983162
0.968228
0.982116
0.970459
0.963212
0.987497
0.975568
0.967963
0.981214
1.00933
0.966669
0.972058
0.983222
0.978322
0.972459
0.972038
0.973219
0.96975
0.978745
1.00663
1.04607
0.990837
