9.64914
6.89698
5.21712
4.13929
3.39204
3.04822
3.54546
4.00137
3.41496
7.42668
6.48909
3.82639
6.44381
4.44942
4.12507
3.00353
3.61574
3.08774
2.9289
7.70829
6.95085
45.0476
6.69975
4.06339
7.36489
4.19668
4.49751
4.32062
4.70945
3.26122
5.59696
4.23375
5.86511
3.59271
2.76586
4.59422
3.9535
5.25006
4.78439
6.87049
5.20584
45.4876
7.80235
5.91052
5.61367
6.10823
6.78402
6.17346
10.1541
7.99392
5.49154
5.44163
4.36473
3.69744
4.39551
2.98415
3.33442
3.60999
3.89688
5.55517
8.73268
5.53587
4.40255
3.39747
2.9261
3.155
4.17275
5.44852
4.1187
4.00165
2.61411
3.05952
3.01359
4.11001
5.85191
5.41617
6.97036
5.62009
4.74874
4.59526
2.98446
3.20009
3.19
3.12622
3.73801
2.73216
3.44288
3.87864
5.35562
66.7453
5.51256
6.30951
5.40479
6.01894
4.42077
4.8107
3.63125
4.08545
3.42399
2.67783
3.28221
3.04438
3.84826
2.64697
2.25432
3.38265
3.67099
3.75268
3.44736
5.18991
7.54976
7.91466
7.62093
5.32809
4.45848
5.65203
3.76947
29.7013
7.37718
8.88186
7.97954
6.77811
6.9284
5.51654
4.51462
4.15194
3.68169
3.91636
2.56542
3.34389
5.65152
6.07171
2.80634
3.38028
5.55775
5.23954
7.40102
9.06335
9.43665
8.64236
7.68507
6.07318
58.2175
7.48857
7.4691
6.2077
6.61118
7.08396
5.67839
4.23202
3.51903
4.94446
2.60495
1.99047
2.63188
2.74572
2.16607
2.42362
3.36464
3.76594
2.34281
2.27928
2.95138
2.20779
4.19003
5.73834
13.8295
6.58795
7.83374
6.61377
4.29392
5.52627
4.72308
4.08738
2.90669
6.59929
3.825
4.6508
8.26752
3.5982
3.57524
4.84167
4.57658
3.34431
2.46139
2.33587
39.7321
2.78606
4.78967
6.12815
7.67682
6.5937
4.29957
7.94926
7.13375
6.13283
2.92466
3.48396
3.37766
3.47446
3.24762
3.4875
4.62147
5.95608
6.71674
7.91194
7.15226
4.28911
4.23962
3.36718
3.9403
5.17216
3.29132
3.26844
2.49026
3.17297
2.78686
3.03682
2.86467
3.496
3.87036
3.91456
2.43183
48.1962
8.4176
8.55814
7.23004
7.32893
5.42083
5.12674
4.12952
3.40857
4.09667
4.03861
3.40896
2.99427
3.3047
4.12974
3.65545
3.79497
2.76985
3.68215
3.48633
3.49233
2.48143
3.10624
2.24169
3.45373
5.33411
5.26908
3.48524
3.7955
4.14398
3.89197
3.63462
3.21931
2.47752
4.16323
3.37995
2.56377
2.90714
2.78784
2.90067
2.99653
3.25685
2.91353
3.09527
3.91688
6.19605
10.0715
5.94013
3.17502
2.74479
4.38443
6.44587
5.99257
6.24788
7.11386
6.38872
7.11268
8.82606
6.46649
2.87558
3.38773
3.87958
3.44272
3.54084
4.35209
6.19161
5.02617
3.33673
3.22887
4.02981
3.78396
2.10275
3.37249
3.08653
2.49939
3.62404
2.9777
4.12942
3.45971
3.14764
4.70066
8.92238
5.31703
65.8974
6.0472
9.4148
4.80878
6.3462
2.81942
4.8328
7.6224
7.02232
8.58211
6.3679
4.28415
3.46423
2.89225
4.20313
5.98147
5.11557
3.34988
4.54982
3.1968
2.3748
3.66054
2.6814
2.26854
3.167
131.368
6.82273
7.4974
7.08747
7.1906
9.50213
6.66366
4.18946
6.87304
6.81095
6.3045
5.95427
4.40259
5.89656
4.59134
5.60173
6.17613
7.51817
5.01056
4.66591
2.54936
2.53668
2.03177
99.367
6.17579
8.82853
6.57235
6.76694
6.04294
7.64506
4.59477
3.68904
5.86228
6.86026
6.7897
4.65596
5.25355
4.68372
5.11951
4.17013
3.81252
3.99117
3.2318
3.62522
3.10301
2.13785
2.31845
2.3566
46.0272
8.84004
8.69963
5.64318
6.6185
5.11595
5.96478
4.4188
6.9162
4.83808
3.3703
3.03833
3.57335
3.43866
4.41318
3.77353
7.03235
5.78971
331.175
7.45017
8.06414
5.77559
8.49221
5.69819
4.90996
8.17376
6.06791
9.18223
8.12519
5.55112
82.1852
7.35379
7.15306
7.7468
6.84904
6.05582
4.99637
4.41295
4.47877
4.13788
3.27729
2.68268
3.06752
3.36786
3.47084
3.94561
7.70083
6.12608
7.72154
6.754
5.40091
3337.29
5.4614
6.1814
5.08235
6.39635
5.03204
4.77385
3.61104
9.54472
8.01263
7.09533
4.38645
4.11954
3.80005
3.03388
3.53763
3.43045
3.149
3.63783
3.57538
3.66359
2.94232
2.69169
2.89022
2.14641
2.97971
5.11145
4.64067
6.55106
4.45072
5.11259
5.49542
3.74538
3.95733
3.6031
3.73737
5.04201
5.95153
5.61383
5.62261
5.37523
7.62569
8.33909
6.5202
7.61615
4.47714
2.89945
3.96558
2.43101
2.87295
3.07604
4.04938
3.13154
3.77163
3.02893
3.29191
2.13152
3.13491
3.42836
3.57047
4.21872
2.9336
3.51762
2.66372
2.74944
3.19483
2.33123
2.21428
2.85541
2.85295
2.52953
2.59259
2.99958
3.31503
3.00254
2.50301
6.38608
3.18832
3.53919
3.42165
2.46955
2.41447
2.97485
3.42992
3.21979
3.28742
4.73594
4.99476
3.78349
3.52719
3.18867
3.44553
2.76668
3.90865
3.49749
4.29378
3.89312
4.89737
2.97461
3.36934
4.03052
3.47249
3.30132
2.0067
2.56961
41.7386
8.49932
5.90831
6.19968
5.35191
4.95262
5.73889
3.23241
2.64549
2.93715
2.9009
2.84947
4.05082
2.37053
3.59535
3.0584
3.01092
3.92799
3.20682
2.7041
3.00411
2.75196
2.62744
3.97646
2.96363
4.17771
2.88883
3.52893
3.94437
3.03125
3.02903
3.54911
2.62537
3.06765
3.0889
2.59654
3.94185
3.65456
2.33081
4.74946
6.55025
3.50531
3.02813
2.07346
3.20054
4.212
3.32457
3.43592
5.37339
5.23081
4.21308
4.44694
4.9806
4.66671
3.93994
3.84569
3.74296
4.51883
8.2878
5.19846
4.9498
5.05984
3.13801
3.59214
3.62361
3.16156
3.12131
2.96776
3.34877
3.06987
4.22596
3.15833
2.65161
3.85846
5.02564
7.95245
6.29914
3.35463
3.19244
2.65129
3.69632
2.56015
5.69107
8.69705
6.7651
5.35553
4.17821
40.6314
4.30185
7.98156
4.96452
6.25313
4.9862
5.05922
4.532
4.72787
7.50098
4.87195
6.11981
4.40956
6.31211
2.48793
3.44146
3.01365
2.47922
3.68445
5.37707
6.36918
8.48647
4.41121
5.07143
2.1418
2.64368
60.2332
7.02601
6.59204
8.23459
5.78515
4.75375
4.45092
4.14623
3.06393
2.92546
2.88391
2.89876
2.84688
2.68998
3.3188
3.51652
3.04196
3.48961
3.27278
2.62403
3.04643
3.14035
3.05518
3.6399
1.94158
1.98976
59.0862
8.12187
6.93407
6.87626
5.16961
4.37488
4.692
5.61871
4.44255
3.70803
4.24497
3.00318
3.24397
2.51382
5.65357
6.42178
6.56921
4.24551
3.91145
4.35774
4.11198
4.04434
4.88284
3.71494
3.33153
4.08491
4.55805
5.57874
4.17779
5.01536
5.80954
5.80023
5.20995
5.08045
4.71389
3.66532
5.7973
5.83465
3.96143
3.23997
3.72717
6.08416
2.60472
3.18489
2.51807
3.59487
3.03088
3.24919
3.25454
3.06956
3.32107
3.92785
3.01159
3.55869
3.32657
2.89795
2.52316
3.09057
3.22592
3.17802
3.56104
4.88872
4.94146
34.0522
7.97386
6.70716
5.64028
6.93119
4.95838
5.53782
4.7655
4.16107
3.96743
3.60808
3.48765
4.81129
6.3325
7.3681
6.84703
6.2563
3.88593
3.63517
3.20246
2.36734
2.3427
2.48233
3.9729
3.05263
3.19108
4.37723
7.36602
7.8677
4.57381
7.37709
6.28925
7.93311
6.14182
5.63214
6.40762
7.05888
9.80578
7.11735
6.40732
6.18946
3.55734
4.02506
3.1776
8.38776
5.56466
4.84646
4.54602
5.91192
4.13357
5.10471
3.27359
2.92401
3.80426
3.35799
2.74606
2.86592
6.03822
6.90117
4.71814
4.05242
3.17151
3.83991
2.61467
2.84284
2.60359
3.80814
3.16973
3.50948
2.58943
2.60021
2.70643
3.12748
4.90707
7.29759
4.70594
3.26247
3.56441
4.49901
3.33562
3.68819
3.82775
2.92316
3.45304
3.90085
3.63303
3.44494
3.34815
3.69123
3.32343
3.35757
2.74121
2.65976
2.97892
2.57019
2.69242
3.23203
4.27635
3.15088
2.83324
3.26798
3.01243
3.18717
3.36921
2.93315
3.92028
9.49759
7.74279
6.267
3.45445
4.69171
2.31257
3.92765
3.07105
3.01176
2.52151
2.14072
29.5477
6.46882
6.47397
6.53045
5.81384
9.13277
7.12874
5.17568
6.08598
5.50825
5.87858
5.12161
3.95706
3.3128
3.33706
3.04574
3.08001
3.84365
5.75299
6.49935
5.99031
6.24102
3.96647
3.36701
5.10674
4.63571
2.91261
3.79162
5.75403
8.04668
6.98719
5.29694
3.89188
4.61588
4.5069
3.0302
3.95875
3.02151
4.03049
3.09422
5.55848
7.82642
7.29138
5.39262
4.63171
7.13513
4.13153
3.99355
3.91996
4.22455
3.77754
2.55389
3.90942
3.25667
5.77179
4.58202
7.19908
7.27076
10.0591
3.82185
4.86586
52.2411
10.9676
7.66415
3.94927
3.66135
2.45111
4.93554
2.92929
3.56836
4.05017
5.7102
6.19028
6.63877
7.88266
5.79993
7.32606
3.40209
6.0264
3.79512
5.05635
5.9293
4.89266
3.95255
5.39696
5.45589
6.1816
6.11681
6.61694
4.65448
4.37735
3.18792
4.15906
3.37698
3.53271
6.67417
5.05968
3.00437
3.54546
3.43852
44.3122
7.03665
6.83941
11.2155
4.46423
3.18353
2.93991
4.17128
3.29457
3.11775
2.17915
3.45523
5.91912
5.49097
3.80534
4.42486
2.65961
3.70943
3.72893
6.7188
5.8371
6.91432
6.26648
6.23183
279.839
5.25094
5.31356
4.07388
6.40964
5.43897
6.09962
4.53212
4.55199
4.37611
4.24828
3.3559
3.203
3.38076
2.32443
1.95382
2.62043
3.22549
2.62618
2.56687
2.56733
2.9484
2.84636
3.50086
2.84889
3.30263
3.12999
2.63874
44.9149
5.5271
6.69868
7.01497
6.77929
6.90513
7.05825
6.20797
6.74138
3.59797
9.45654
7.12524
5.78175
6.50632
5.68994
5.06567
5.21287
4.85449
4.55172
3.29745
3.50845
3.12893
3.65997
3.95891
3.38596
4.23777
3.51367
2.82582
3.14635
3.44426
3.49615
3.04119
2.6739
4.56796
3.27397
6.14775
5.02879
5.82749
6.06426
4.55389
3.79263
4.27278
4.45293
5.88425
7.0093
4.88184
5.12845
4.45945
4.29842
8.07273
6.31652
35.6149
6.42575
8.20978
6.93522
6.03378
5.40303
4.07133
5.21057
5.05739
4.01747
3.51171
3.35367
2.29533
3.03671
4.19449
6.89669
5.50682
42.2253
6.2977
7.56948
4.97134
4.96607
4.89005
8.07231
4.51196
5.84495
4.97328
4.57997
6.38373
5.8169
6.10959
8.38299
7.99787
5.40214
5.27783
4.67482
3.1209
3.01705
3.48942
3.31591
3.93445
6.06881
5.02153
4.62559
6.9772
7.40069
4.97477
6.14582
4.51772
3.43868
68.6523
7.20145
7.30862
5.48848
5.1979
3.16872
2.71518
2.8691
2.54586
3.19581
2.83491
3.0771
2.72591
3.36822
3.64932
3.86152
2.91156
3.02905
3.09162
3.45879
4.02817
2.25305
3.12241
2.8547
2.62652
4.41616
4.60231
5.78696
6.08743
5.68084
3.09858
3.28644
3.77786
5.17129
7.1582
6.57441
3.14931
5.20279
2.37345
2.81269
3.43622
2.79501
3.20576
3.59693
5.4669
4.22149
4.63206
3.08681
2.31591
7.77834
7.66869
2.61786
3.38519
3.5066
3.33811
3.29608
2.8341
2.54749
48.089
8.85834
7.94463
4.80352
5.34024
5.41031
4.33612
5.18656
7.94959
5.84208
5.70527
3.26433
3.97085
3.08867
3.1352
2272.31
3.72721
7.30459
6.46652
3.67059
3.68161
3.1592
3.66685
4.11722
2.67472
2.95169
2.58298
3.27884
2.60639
3.56473
3.01518
3.30769
3.78755
3.90455
5.57808
4.32811
5.31091
5.20008
4.502
2.64526
3.87198
10.5585
3.57395
46.0804
8.55237
6.5641
5.07697
4.90443
4.55862
3.74952
3.12981
3.38735
7.38758
5.26638
5.07704
4.96529
3.88173
3.66049
3.55226
2.78019
3.77678
5.31816
5.74735
4.70166
3.5996
2.81665
3.95906
3.74223
4.95428
4.56869
4.18283
3.33301
4.04125
4.302
62.3601
7.64051
6.50721
6.95831
7.44209
5.90864
6.00944
4.62573
5.46506
3.83211
6.15053
6.68502
6.63416
7.29265
7.28704
6.17983
5.11954
5.36932
4.43413
9.4109
8.28555
6.62923
4.1389
5.34607
4.65908
2.79765
3.41503
2.73843
2.49886
5.88276
3.76044
2.47956
3.90342
4.66993
3.83628
3.25182
7.57232
5.04496
5.74013
3.1247
3.12685
3.53696
2.5397
3.07278
3.6583
3.11029
3.45641
3.64863
3.78103
3.14317
4.01159
6.33083
8.25747
5.18882
3.75407
4.62853
5.12099
4.45283
3.41027
4.86082
3.94546
2.70666
7.3955
5.1993
5.61414
8.52577
6.49534
5.71259
4.48775
2.79468
3.10539
4.07155
3.03803
4.52637
5.38994
8.11732
5.04761
5.60188
6.21339
4.53498
3.53702
59.054
5.44921
8.83893
7.65561
7.07461
7.92845
7.03999
7.47356
5.79385
5.07784
4.69418
4.17821
4.43149
4.58284
4.33807
8.27674
7.45211
5.12435
6.2763
6.90897
6.81104
5.93904
5.18608
4.96185
5.40949
5.64604
5.96793
4.65889
4.36437
7.19124
5.87334
8.6503
6.50448
4.86008
86.3366
8.39822
10.3079
7.22448
5.98864
10.3579
6.77432
5.9813
6.34596
5.14921
7.50939
174.742
8.43119
7.98509
5.56724
13.223
7.20392
6.03579
5.09054
5.97611
4.10611
4.58435
4.02472
3.28362
4.29305
3.45748
3.3892
2.96307
2.82777
3.61163
3.98974
3.03808
4.52517
7.09836
6.09213
6.57852
6.35769
6.58387
5.76349
6.09438
6.27109
6.65157
6.80454
4.66215
7.05098
5.86831
8.16911
6.5602
6.12428
4.0734
4.25433
3.64771
2.72597
3.70683
3.28115
1.75481
4.50272
3.47675
8.83994
7.84109
50.7584
7.50704
9.32964
9.00461
7.72483
6.98658
5.56816
8.37226
7.6344
4.57266
2.4249
3.151
3.03697
2.01742
2.57315
229.015
7.83322
9.06506
6.04011
5.80658
7.56571
7.00864
4.47103
7.4898
6.59542
6.54175
3.97776
6.54734
5.17364
4.15797
5.25817
3.8654
3.95782
3.96814
3.27633
5.5636
7.39762
8.02505
6.49992
8.87856
5.12472
41.6856
7.99808
7.01245
6.3829
6.6203
7.808
6.97365
6.47939
5.68481
4.52065
3.60153
3.14792
3.1543
4.33658
3.2104
3.81468
6.468
8.30561
6.05077
5.58796
3.0247
7.84051
7.71259
5.24505
6.74615
3.99456
4.86087
7.81023
5.77514
4.35892
6.7889
8.24103
7.39945
5.49639
4.93941
3.65697
7.28708
8.55692
8.90927
4.60599
84.4114
7.99444
6.4783
5.55777
6.79008
6.028
6.6303
8.08093
8.26112
10.9076
7.7191
212.658
5.62702
5.45266
5.14576
3.87659
4.23989
3.13264
4.72452
3.35944
3.51465
2.59146
2.47725
3.54666
2.8064
2.83034
2.61043
2.77093
3.46087
3.38129
4.24955
3.38028
2.04072
43.5722
5.85838
7.52441
7.35601
6.25295
8.82225
4.61334
2.61108
5.00414
6.19233
8.17993
7.51222
6.49697
367.645
6.99109
6.30467
5.89744
7.05645
6.3571
4.1197
7.24021
7.84074
3.5833
6.10647
6.75886
8.30208
6.58594
205.971
7.69844
3.20182
3.89242
8.46394
7.86856
7.24446
6.62836
4.2433
2.8617
2.28447
3.88795
3.29789
3.06276
7.11067
3.37718
5.06872
3.86839
6.49335
71.12
5.51296
5.05083
5.21726
4.58493
5.00792
5.81031
7.78572
6.27345
4.25363
5.67653
5.19169
8.18631
6.49357
5.32445
4.42214
3.89971
2.52906
8.38364
7.0206
119.01
8.11749
7.06413
5.91325
4.32674
4.46115
3.22667
4.1723
4.50063
3.26001
3.2856
2.0073
2.9589
3.48337
3.11739
2.76452
2.65344
3.95564
3.29307
3.23864
3.75851
2.46166
3.15414
2.73325
2.07791
79.2555
8.21092
6.15074
4.62375
6.15053
5.48792
4.95554
3.30588
4.21578
3.7819
3.60689
3.81364
5.04855
3.92944
3.61675
3.49509
2.74669
3.95183
2.64214
2.18409
2.74535
2.39017
3.44327
4.2573
2.86166
2.92047
2.85709
3.35775
3.66107
4.40796
2.91695
153.466
8.73233
8.14028
5.67973
4.95475
4.02028
3.39327
3.39879
3.42918
3.05784
3.57464
3.3515
3.46633
3.25746
3.51143
3.90041
3.27675
2.93253
4.42091
3.25172
2.88616
3.42049
3.05573
3.3432
3.10901
3.27631
3.11758
4.07029
3.03385
2.94013
3.9694
5.76918
3.44735
3.29367
3.34482
2.45096
3.60473
3.98358
3.86185
2.75617
75.9754
7.66415
6.92809
6.4476
5.06817
3.32351
3.70345
3.41333
3.62185
3.17991
3.15604
3.88068
3.47217
4.45912
2.6229
3.64245
3.40801
12.2208
4.20712
3.97202
5.77035
5.01488
4.2029
3.13873
2.85194
3.82303
3.65198
3.24657
3.29738
3.18971
3.38716
3.64213
3.01059
3.47371
2.94199
3.89147
4.37404
3.51989
3.19428
2.36396
2.72583
2.33946
2.87879
4.00475
3.503
2.98242
3.98329
3.14821
4.04483
4.68937
2.97879
3.4522
3.72216
3.113
54.1253
9.42406
5.91145
6.51489
3.69763
4.58007
4.23704
3.19834
3.67768
4.25048
3.4774
4.37398
2.84865
3.44919
4.36657
2.88685
4.76301
3.29292
3.04478
3.94199
3.40911
3.62757
3.26907
2.95141
160.242
7.55491
7.40523
5.58796
3.63735
3.43564
3.51294
2.48408
2.8987
2.59301
2.99673
3.56399
2.68156
3.06571
2.64039
2.81679
2.79418
3.06722
3.92419
3.31275
2.94602
3.06798
2.64164
3.11393
2.85745
3.01573
3.36442
3.04653
2.98865
91.1213
6.659
6.65618
4.94167
6.17555
5.84418
4.96723
5.48265
7.24901
6.80415
4.55908
4.17993
2.91136
2.94419
3.54238
2.74113
3.64507
3.00546
2.99771
148.535
6.08379
6.14485
4.52805
4.43917
2.95152
3.87117
3.53844
7.14699
5.89311
7.07307
7.26419
5.40427
4.61686
3.78349
2.90101
3.44007
4.12341
4.55602
4.5691
69.1588
7.95686
7.77007
7.4253
8.00233
9.16941
8.53746
5.9326
5.35841
6.01908
6.29087
5.42293
5.31173
5.2741
4.70731
3.7145
3.49044
8.60371
7.15003
6.12504
3.19659
5.56116
43.4045
5.98088
5.95484
5.58244
7.15757
7.86904
6.09047
5.41884
9.00918
6.2324
3.22655
4.62796
9.27697
217.904
7.96872
8.55676
6.99392
6.75022
6.80347
6.45918
4.8044
7.26203
8.46909
8.13159
6.96497
4.26266
2494.91
7.29578
4.81268
6.05174
5.62974
4.01526
4.08332
5.12102
3.5272
4.28535
2.68766
5.54986
7.37607
5.93147
5.20958
6.33952
5.64257
4.2552
4.11372
3.64437
3.84056
3.54597
5.98279
5.73356
3.83875
6.49933
6.29326
2.95316
2.99109
4.44823
5.64232
4.22238
4.77752
4.27438
7.16431
5.26412
3.44214
58.3093
6.27949
4.72835
3.37396
3.31469
3.46316
2.22609
2.08174
2.70741
2.63429
2.18529
2.56776
4.52942
5.21873
2.67486
2.29513
2.42491
2.2715
2.38946
2.6018
3.41761
3.8392
3.49034
3.30432
3.77994
3.52508
2.82685
2.39446
2.38462
2.38646
1.64183
1.9973
49.4936
5.33087
4.09245
2.59452
3.223
2.54464
2.22288
2.12483
1.96491
2.06447
1.86242
1.81261
2.4073
1.94607
2.6497
2.77433
2.39469
4.35933
2.60073
1.95762
2.25163
3.69669
3.62807
3.76596
3.90355
4.3136
3.97622
2.91048
2.25103
2.14012
2.12619
1.74548
1.894
1.71555
1.98786
1.87726
1.87187
1.65799
1.64122
1.46702
1.35676
1.58876
1.44014
1.43232
1.50255
1.26547
1.5391
