8.50432
2.63556
3.29714
2.36607
2.32187
2.01463
1.085
1.033
1.05947
1.08557
1.02419
1.047
1.09177
1.08762
1.0458
1.06101
1.01738
1.02596
0.992327
0.985905
1.0083
0.994652
0.989359
0.965523
0.992644
1.06081
1.03022
1.03206
1.0383
1.02842
1.03994
0.992451
1.00374
0.973352
1.06291
1.01048
1.05081
1.11189
1.00626
1.00264
1.04449
1.01374
1.04057
1.00476
1.04498
1.01319
1.01968
0.989486
1.00884
1.05485
1.01713
1.03418
1.0158
1.04589
1.0479
1.03059
1.03761
0.999692
1.0244
1.03783
1.05371
0.996651
1.00414
1.03187
1.03266
1.03273
1.0304
0.997478
1.05353
1.02005
1.02501
0.995117
1.0101
1.05431
1.03832
1.05656
1.02146
1.04281
1.03047
1.02175
1.01972
1.04923
0.990406
1.03943
1.00922
0.991869
0.943114
0.970511
1.00709
1.01388
1.00637
0.970099
0.965186
1.01171
0.995335
0.998853
0.987325
0.959915
0.952616
0.975848
0.986149
1.00052
0.991159
1.04193
1.04462
1.0082
0.977179
0.992892
0.985447
0.990174
0.985569
0.968664
1.00644
0.986263
0.986031
1.00495
0.981984
0.966022
0.989909
0.993896
0.969146
1.00516
0.982862
1.00749
0.978601
0.979259
0.987678
0.995725
0.989047
0.974145
0.966992
0.985033
0.983234
0.981816
1.00228
1.00018
1.01344
1.00139
0.960572
0.968209
0.981605
0.977902
0.977365
1.01179
0.994502
0.996897
1.01735
0.971687
0.995334
0.960555
0.965123
0.975466
1.02592
1.00948
1.01256
1.00818
0.999635
0.980783
1.01761
1.00579
1.00494
1.00094
1.00502
1.0025
1.00262
1.00677
0.991913
1.03374
0.980463
1.00775
1.01427
1.00545
0.985062
1.02023
1.01629
1.01662
1.01138
1.01656
0.988234
0.996505
1.01071
1.00274
1.03134
1.06656
1.05242
1.06043
0.986356
1.04241
1.0561
1.07609
1.02988
1.06078
1.01228
1.06193
1.00432
1.01437
1.05717
1.11036
1.36648
1.34727
1.28107
1.33205
1.2653
1.28818
1.12182
1.23627
1.30685
1.28061
1.27746
1.31134
1.2858
1.28762
1.14072
0.993002
0.991222
1.00525
1.22823
2.78902
2.82581
2.65258
2.6032
2.71189
1.21034
1.06898
1.02129
1.02838
1.04878
1.02805
1.02589
1.05472
1.07119
1.08946
0.966083
1.01849
0.983108
0.98524
0.976317
0.941626
0.933139
0.992373
0.995909
0.954372
1.03309
1.03412
1.00486
0.98529
0.987688
1.02164
0.98942
0.950455
0.972094
0.987376
0.967567
0.98297
0.959283
1.03631
0.967348
0.999277
1.00144
0.99335
0.932224
0.991987
0.954166
0.974748
0.977376
0.948503
0.959188
0.972416
0.949605
0.989136
0.986034
0.990463
0.967357
0.985143
1.02991
1.01207
0.926236
0.961256
0.982866
0.994543
0.968733
0.976864
0.999154
1.03048
0.96588
0.949166
1.00135
0.989787
0.945876
0.974313
0.96655
1.03646
0.990818
0.982549
0.979248
1.05743
1.0073
0.975534
0.99804
1.03316
0.997241
0.992677
1.00039
1.04053
1.00854
0.983157
0.998818
1.02224
0.991118
0.951034
1.01076
0.998465
0.966036
0.947159
1.01928
0.969701
0.982842
0.980033
1.00159
1.01339
1.0189
0.980138
1.0566
0.973838
0.950278
0.984194
0.984165
1.01284
1.04738
0.994873
0.969224
1.00253
0.988809
0.992867
1.00456
0.952622
0.970687
0.97423
0.968109
1.0226
0.994279
1.00363
0.989035
0.998263
1.03585
0.982143
0.979709
0.998303
0.962783
0.98281
1.01562
0.982227
0.998704
0.978071
1.01768
0.986028
1.04403
1.01332
0.98791
0.988148
1.0054
1.01418
0.991935
1.01666
1.02085
1.01391
1.0549
1.00637
0.99654
0.96481
1.05189
0.98499
1.08292
1.02182
1.00311
1.01487
0.952571
0.98457
0.952723
0.960031
0.934326
0.949419
1.04129
0.989549
0.97319
0.94167
1.02242
1.00372
0.977641
0.970409
1.03542
0.972909
0.968966
0.983174
1.00939
1.01082
0.97107
0.997205
1.03573
0.970905
0.957531
0.969443
0.977181
0.969372
0.96445
0.961403
0.978985
1.02084
0.927887
0.963796
0.972787
1.01359
0.985234
0.978949
0.977451
1.03095
1.00782
0.973942
1.02415
0.954418
0.952134
0.975601
0.949682
0.974851
0.962501
1.02916
1.02644
1.00598
0.982968
1.01634
0.994374
1.02014
0.973137
0.973459
1.02556
1.01329
0.943974
0.995699
0.958176
0.975108
1.16531
0.992373
0.928576
0.991845
0.953809
0.975495
0.980644
1.01105
0.976221
0.961313
0.988207
0.996437
0.959315
0.961017
1.02344
1.0452
0.971992
1.02495
0.99175
1.01557
0.982964
1.01501
1.00965
0.987998
0.993395
1.04233
0.965033
1.00261
1.034
1.00501
1.00292
1.04498
1.00208
1.0005
0.989583
1.04966
1.05476
0.998749
1.02713
1.04724
1.00945
1.05058
1.01675
0.963009
0.978729
1.02479
0.99729
1.00299
0.971706
0.986482
1.01211
0.948799
0.959814
1.04256
0.970195
0.951367
0.924849
0.921657
0.93378
0.936746
0.918847
0.98176
0.926389
0.928502
0.955316
0.94048
1.00108
1.01581
0.972793
0.965913
1.04136
0.974573
0.966482
0.994189
0.990772
1.00465
0.962722
0.97541
1.01463
0.990721
0.988231
0.974277
0.958032
0.927866
0.95322
0.964216
1.02962
1.0836
1.01575
1.01297
0.962837
0.981401
0.959622
0.940052
1.00186
1.0858
1.06021
1.00415
1.19054
1.20512
1.22953
1.22597
1.21482
1.20353
1.22902
1.22911
1.22532
1.24931
1.24312
1.25184
1.25121
1.21391
1.22956
1.20706
1.2595
1.24577
1.2141
1.27113
1.22622
1.22381
1.23805
1.23721
1.22488
1.25062
1.23628
1.22095
1.24609
1.22957
1.23323
1.2953
1.28573
1.2537
1.24838
1.27018
1.26771
1.27824
1.27042
1.30577
1.27571
1.27788
1.27638
1.2752
1.2089
1.27834
1.26944
1.27399
1.30918
1.26832
1.21419
0.965377
0.995813
1.06264
1.05202
1.15669
1.02089
0.954322
0.975519
1.02684
1.072
1.04661
1.06024
1.0164
1.01046
0.967043
0.977835
0.979983
0.965326
0.960718
0.981196
0.976828
0.972867
0.953926
0.941669
0.998124
0.983697
0.946012
0.954115
0.929492
0.96198
1.05691
0.995881
1.01469
0.976337
0.995964
0.973635
1.0037
0.993703
0.982575
0.984576
0.993767
0.961646
0.941643
0.956576
1.01604
1.00022
0.952235
0.976103
0.94167
0.955928
0.9645
0.950021
0.995314
1.02231
0.97619
0.997498
1.05852
1.03343
1.08029
0.99329
1.02078
1.02649
1.06609
0.985299
0.973275
1.04298
0.985644
0.937552
0.979955
1.01744
1.1523
1.22946
1.23934
1.24606
1.29987
1.31013
1.26855
1.26384
1.25706
1.26392
1.25372
1.22946
1.21956
1.20938
1.20955
1.22611
1.22803
1.20769
1.23553
1.26411
1.24938
1.26068
1.26441
1.26038
1.291
1.20055
1.26779
1.25934
1.25884
1.27914
1.27326
1.28306
1.2739
1.26242
1.25822
1.26703
1.25302
1.28381
1.26339
1.22526
1.25666
1.25207
1.23773
1.26449
1.2904
1.29678
1.25856
1.2501
1.29129
1.26628
1.26944
1.21999
1.25894
1.22968
1.22002
1.21277
1.20467
1.22382
1.25339
1.27926
1.27607
1.2246
1.22893
1.23573
1.2917
1.25396
1.24188
1.22483
1.25826
1.24566
1.33509
1.32486
1.27131
1.22015
1.23162
1.2662
1.23251
1.23968
1.27692
1.25914
1.28386
1.25322
1.01634
1.21033
1.23713
1.20429
1.21777
1.21171
1.21032
1.28301
1.24134
1.22602
1.97219
1.19836
0.951084
1.00746
0.98144
0.967967
0.965263
0.986443
1.03485
1.0206
0.964674
1.03361
1.04671
1.02462
1.0443
1.0306
0.995298
1.01274
1.02844
1.02133
0.968498
0.962741
0.970971
0.981784
0.961499
0.980357
0.988941
0.982936
0.968323
0.996124
0.950115
0.980595
0.967968
0.999059
0.95589
0.939598
0.999014
0.966856
0.972252
0.950921
0.942404
0.941999
1.00341
0.942653
0.970138
0.963749
0.984548
0.994594
0.953353
0.960943
1.02842
0.95519
0.963138
0.96164
0.995907
0.964125
1.01064
0.975495
0.941195
0.998813
0.979408
0.953474
0.964715
0.970637
0.980778
0.968465
0.956522
0.965443
0.975095
0.956529
0.982405
0.95736
0.986528
0.963815
0.976587
0.981839
0.998552
0.972533
0.997812
0.963654
0.970363
0.973021
0.93493
0.959699
0.976621
0.961833
0.96339
1.00991
0.956225
0.981547
0.942106
0.951738
0.978185
0.980646
0.961232
1.00847
0.985745
0.973399
0.990223
0.966303
1.03261
1.00516
0.972752
0.978423
0.984698
0.998198
0.979093
0.931763
0.970499
0.988084
0.966113
0.979541
0.943246
0.980997
0.9743
0.957267
0.966122
1.00551
0.988907
1.00922
1.0394
1.05602
1.00568
1.02919
0.972527
0.991994
1.00626
0.993704
0.985086
0.966248
0.998245
1.02727
0.955765
0.962946
0.982202
0.947463
0.942742
0.96615
1.30515
1.00771
0.977884
0.962057
1.00071
1.02224
1.08303
0.935327
0.978324
0.934674
1.0199
0.96203
0.943638
0.9988
1.01313
1.00148
0.996792
0.976171
1.07047
0.994523
0.944672
0.964296
0.976681
1.00571
1.00565
0.953514
0.95433
0.98002
0.933912
0.997924
1.03132
0.965258
0.96238
0.973517
0.99428
0.98506
0.978733
0.948293
1.01677
0.969282
0.978565
1.0117
1.00687
0.999641
0.95531
1.10618
1.01663
0.984339
0.97442
0.980593
0.976457
0.999913
0.957743
0.958978
1.01441
0.998718
1.00492
0.995985
1.05208
1.02712
0.959655
0.927749
0.955741
0.980345
0.94104
0.914568
0.998332
0.935604
0.94951
0.983538
0.940433
1.092
0.956703
0.944821
0.931007
0.9555
0.947719
0.950353
1.00915
0.970704
0.981528
0.953591
0.96269
0.948294
0.960484
0.96671
0.943995
0.965837
0.922246
0.930673
0.954444
0.947445
0.961514
0.964083
0.951667
0.978019
1.01639
1.06179
1.06114
0.991909
0.99427
1.0118
1.0144
1.01441
0.975979
4.57703
1.01117
1.05718
0.976653
0.989393
0.969835
0.990053
1.09475
1.03223
1.08252
1.00595
1.09854
1.02808
1.01054
0.98122
1.01965
1.06309
1.04627
1.06587
1.04049
1.00842
1.0047
1.07176
1.30481
1.27468
1.26563
1.2457
1.22281
1.22806
1.23617
1.2177
1.18965
1.21426
1.28079
1.32654
1.27949
1.22966
1.08682
1.00624
0.983219
0.982519
0.945857
0.91718
0.920322
0.930242
0.99065
0.927169
0.919045
0.9504
0.976687
0.93785
0.94109
0.960956
1.00188
0.950364
0.950221
0.95279
0.954946
0.960262
0.931779
0.931768
0.968287
1.00559
0.990364
0.999607
1.01844
0.949453
0.961889
0.93945
0.957292
0.986016
1.00562
1.00536
1.02276
0.9667
0.946893
0.970012
0.947646
0.960137
0.951782
0.947453
0.944218
0.977036
0.955577
0.959395
0.946722
0.955385
0.958453
0.950851
0.941418
0.977621
0.936324
0.929113
0.958686
0.968937
0.977677
0.961047
0.944281
0.956791
1.01629
1.0004
1.0231
0.987553
0.991338
4.45131
1.01622
0.973569
1.02276
1.03365
0.969295
0.993458
0.979193
1.01053
0.995508
0.968183
0.97909
0.993106
0.98887
1.00035
1.01242
0.999872
1.00858
1.00059
1.01857
1.00832
0.976538
1.02908
0.950892
1.0332
0.994332
1.01689
0.953749
1.03149
1.00953
1.01433
1.06563
1.06761
1.0268
1.06007
1.07977
1.00759
0.976595
1.00079
0.984843
0.983149
0.978964
0.946199
0.919568
0.940263
0.942487
0.965481
0.920225
0.958549
0.943705
0.971568
0.972654
0.969162
0.95614
0.926401
0.924078
0.961521
0.926979
0.930684
0.978336
0.946977
0.933704
0.96116
0.919943
0.934716
0.960444
0.929675
0.923971
0.931774
0.982124
0.966578
0.985059
0.962552
0.969289
0.970939
0.970552
0.981939
0.965788
0.962063
0.967557
0.961823
1.00815
0.983248
0.994573
0.982846
1.01165
0.96791
1.00806
0.982034
1.01873
0.996029
0.980038
0.984392
1.03118
1.00839
0.981777
0.980037
0.975148
1.00808
0.999309
0.967101
5.44802
1.0635
0.978963
1.00587
0.967765
1.00135
0.978069
1.01062
1.00218
0.992165
0.989726
0.98988
1.00198
0.993159
0.966644
0.993988
0.960834
0.99193
1.00485
0.975977
0.991332
0.98128
1.01271
0.967305
0.992601
1.00368
0.981553
1.00288
0.994408
0.961022
0.99411
0.996083
0.982943
1.03116
0.997624
0.970916
1.04225
1.00125
0.995875
0.996908
1.01039
0.973095
0.953965
0.933421
0.996958
1.01027
0.98027
0.963635
0.975216
0.988106
0.999017
0.985915
1.01988
1.01998
0.99609
1.07499
1.0482
1.02907
1.01628
1.01551
0.961687
0.97647
0.966319
0.984347
1.00488
0.995806
1.00084
1.02515
0.988304
0.979954
0.979358
0.986836
0.974393
0.99397
1.00323
0.999297
1.0086
0.988423
1.04442
1.0453
1.02156
1.0671
1.04097
1.01194
1.25654
0.980441
0.971622
0.992642
0.976323
0.986865
0.993011
1.00241
1.0107
1.00478
0.991071
0.997949
0.977069
0.988097
0.994375
0.965006
0.989243
0.998905
0.968369
3.15884
1.02058
1.00539
1.00836
0.97361
1.0365
0.994469
1.01091
1.02931
1.26246
1.03349
0.945328
1.01307
0.945839
0.986579
1.00623
0.97806
0.991475
0.989093
0.984506
1.00119
0.967121
0.981218
0.9544
0.962369
0.938229
0.982698
0.951632
0.951418
0.975542
0.947434
0.953552
0.956268
0.955197
0.949886
0.974289
0.944126
0.984663
0.966636
1.01932
1.03904
0.98384
1.02309
0.970027
0.975324
0.991775
0.93945
0.941766
0.935433
0.950911
1.00734
1.00227
0.963041
0.995916
0.971424
0.992589
0.981451
0.959073
0.988834
0.991316
0.967903
0.971558
0.972006
1.01126
0.972986
0.956305
0.952889
0.96633
1.02205
0.971415
1.00676
0.96911
1.03195
1.01316
0.976116
0.943264
0.958175
0.948958
0.955816
0.961674
0.979434
0.942142
0.947708
0.953035
0.976112
0.952683
0.948518
0.986793
0.983478
0.959333
0.943075
0.963732
1.01342
0.987212
0.955501
0.951431
0.970983
0.975473
0.98164
0.986015
1.04405
1.06224
1.01711
1.01028
1.00106
0.958851
0.971083
0.952534
0.92363
1.34612
2.59626
2.45554
2.5761
2.75064
1.16199
1.12657
1.17317
1.14067
1.14502
1.13349
1.17345
1.12022
1.18489
1.20999
1.01437
0.992651
0.986023
0.93786
0.955783
0.960178
0.946321
0.946787
0.953985
0.965513
0.95184
0.958522
0.945961
0.976126
0.97108
0.957587
0.967695
0.949479
0.982193
1.01723
0.919969
0.98968
1.06547
0.957165
0.996283
1.46844
0.988251
0.995832
0.994933
1.00202
0.998502
1.0014
1.9848
2.59104
2.55771
1.94772
1.92573
1.94052
1.95596
1.94022
1.04874
0.977449
0.999651
0.968306
0.969783
0.952566
0.989965
0.971862
1.02663
0.99477
1.04113
0.982233
0.98451
0.972109
0.992142
1.03918
1.00661
1.0048
1.0039
0.982294
0.991409
0.977917
0.933606
0.934616
0.976409
0.938092
0.941403
0.963507
0.950561
0.973171
0.966479
0.979335
0.994837
0.995658
0.983129
0.951619
0.942589
0.985679
0.982506
1.06856
1.05314
0.985588
0.980503
0.969478
0.94569
1.00181
0.994065
0.952151
0.97793
0.971651
0.984648
0.987305
0.990627
0.972357
1.02137
0.988656
1.00483
0.970862
0.973085
0.967164
0.958225
1.01033
1.01307
0.967431
0.995996
0.967649
0.932247
1.00923
0.964661
1.01478
0.982135
0.994562
1.04428
0.978865
0.99409
0.925757
0.987803
1.01083
1.00044
0.955214
0.990637
1.00875
0.999144
0.986651
0.994121
0.990542
0.967068
0.982179
0.996094
0.929728
0.998556
0.989239
1.02045
0.975321
0.969633
0.927663
0.975431
0.987709
0.988961
1.00238
0.995116
1.02271
1.00538
0.99057
1.01192
1.0065
0.973345
1.02114
0.968393
0.952717
0.982168
0.981411
0.966327
0.961909
1.01333
0.944079
0.972326
0.974057
0.962413
0.963473
0.998357
0.975555
0.992319
0.976002
0.984502
0.979947
0.929459
0.939619
0.998566
0.979911
0.988427
1.00865
1.00035
0.995914
1.01755
0.956042
0.938169
0.967126
0.946597
0.959923
0.959005
0.963352
0.9611
0.979906
0.968915
0.951985
0.965743
0.943942
0.947887
1.05495
1.003
0.989819
0.989266
0.989797
1.02239
0.98338
0.990315
0.971414
0.967885
0.95315
1.95298
2.69761
2.67882
2.73865
2.36204
1.10617
1.08978
1.05359
1.13825
1.1102
1.06981
1.09143
1.08128
1.09054
2.47099
2.45784
2.46664
2.55929
1.45722
1.19316
1.16494
1.18701
1.18755
1.1939
1.14834
1.19945
1.16387
0.970971
0.955617
0.953331
0.938742
0.937067
0.913283
0.928654
0.904904
0.905335
0.898107
0.922393
0.985117
0.93919
1.00887
0.951755
0.960766
0.972554
0.99384
1.01436
0.999522
1.03022
0.97782
1.0028
1.00993
0.983779
0.958358
0.993438
0.991284
0.973863
1.02116
1.0539
0.972274
0.944711
0.920192
0.946508
0.925981
0.896022
0.934297
0.927194
0.929487
0.941217
0.93749
0.959338
0.944698
0.937841
0.944763
0.930981
0.939269
0.943758
0.948176
0.921937
0.963947
0.953089
0.982296
0.94927
0.939379
0.947075
0.958583
1.0054
0.988091
0.980933
0.986365
0.973103
0.965781
0.966785
0.983431
0.985109
0.949953
0.992306
0.982971
0.988397
0.991142
0.996009
0.970576
0.975154
0.976425
0.969443
0.964017
0.974652
0.986853
1.01355
0.972778
1.00365
0.978075
0.989177
0.981395
0.972119
0.967371
0.928003
0.962918
0.97031
1.00183
1.01042
0.979246
0.979669
1.00302
0.970619
0.946335
0.92783
0.95921
0.990211
0.966543
0.947233
0.941329
1.00576
0.993467
0.976392
0.997859
0.973109
0.986674
1.0035
0.981668
1.01736
0.980358
0.984662
0.976424
0.936418
0.994173
0.917833
0.946957
0.921788
1.00556
0.937096
0.937888
0.978669
0.981849
0.98485
0.961237
0.950738
0.958759
0.92684
0.985147
1.00477
0.992052
0.957762
0.942674
0.936888
0.941365
0.961845
0.946251
0.979922
0.993278
0.991815
1.02587
0.979845
0.982812
0.964875
0.965746
0.960866
0.985154
0.930213
1.00663
0.980682
0.977426
0.993979
0.980919
0.972376
0.994425
0.967061
0.99445
0.994396
0.996585
0.975494
1.01133
1.00375
0.9718
0.990826
0.941663
0.981787
0.964955
0.966531
1.01919
1.04153
1.26115
0.947028
0.948649
0.918101
0.947489
0.923744
0.934433
0.925168
0.90895
0.940633
0.917557
0.927767
0.942432
0.956397
1.77933
2.51512
2.46693
2.2393
1.34629
1.30654
1.32174
1.31296
1.27487
1.29561
1.61809
1.45524
1.34291
0.965257
0.954749
0.954061
0.923899
0.944776
0.945656
0.952513
0.944994
0.966283
1.01643
0.980982
0.972715
0.937574
0.96104
0.976028
0.935162
0.983201
0.95457
0.968759
0.97809
0.977086
0.967987
1.00015
1.01399
1.03041
1.00449
0.959067
0.939179
0.933896
0.887735
0.888129
0.926141
0.915736
0.928841
0.927947
1.00114
0.943827
0.910025
0.965925
0.954227
0.94943
0.976714
0.943071
0.940054
0.973149
0.939713
0.942434
0.942824
0.948388
0.948529
0.95615
0.959704
0.978181
0.966723
0.952493
0.994804
0.974526
0.933371
0.968176
0.94039
0.952789
0.952567
0.9489
0.948998
0.95063
1.00331
0.968733
0.960338
0.970114
0.980956
0.956917
0.947798
0.966229
0.94953
0.955925
0.94624
0.944609
0.986578
0.919775
0.925893
0.928578
0.915061
0.932937
0.964729
0.918672
0.936063
0.962801
0.984907
0.957048
0.927343
0.946491
0.985708
0.955143
0.954693
0.964736
0.959298
0.980276
0.91943
0.910682
0.921906
0.965902
0.955484
0.961657
0.935264
0.953545
0.97275
0.933432
0.917443
0.905811
0.91429
0.924349
0.912161
1.06842
1.07106
1.01256
0.966906
0.995686
0.992164
0.951446
0.959881
0.920029
0.937024
0.924113
0.91257
0.936691
0.901403
0.902287
0.933506
0.960836
0.993873
1.07123
1.00194
0.975603
0.988291
0.989716
0.952887
0.996214
0.940692
0.963488
0.947347
0.946858
0.958829
0.964332
0.976616
0.932281
0.904425
0.918982
