8.21719
3.47449
2.70755
2.19331
2.16654
2.13345
1.21961
0.951796
0.939882
0.996569
0.961043
0.978254
0.977786
1.26633
0.957148
0.977296
0.99476
1.01979
0.985886
0.937388
0.911036
0.918532
0.886214
0.907075
0.900534
0.905181
0.912395
0.93611
0.951052
0.935399
0.922813
0.925183
0.930497
0.930381
0.931433
0.928575
0.885949
0.91192
0.94329
0.946092
0.936505
0.933299
0.93571
0.94697
0.928986
0.928712
0.917732
0.943408
0.95389
0.947642
0.948291
0.958742
0.957383
0.937969
0.948475
0.941891
0.94409
0.943389
0.91642
0.954029
0.992947
0.922985
0.959022
0.943277
0.963764
0.914208
0.946198
0.948759
0.96141
0.95404
1.00579
0.981946
0.968548
0.988963
0.963313
0.974572
0.986945
0.974024
0.966467
0.976611
0.954964
0.924207
0.950674
0.932454
0.962298
0.94715
0.947
0.943719
0.985018
0.98389
1.0233
0.988301
0.960991
0.932459
0.912524
0.992316
0.96456
0.946387
0.968697
0.916635
0.919765
0.968102
0.991934
1.01769
0.982545
0.939443
0.926636
0.975019
0.968983
1.01812
0.972753
0.986673
0.986668
1.01268
0.99062
1.03246
0.959048
0.988719
0.979545
0.981575
1.01195
0.968126
1.01423
1.00495
0.983623
0.964406
0.999894
1.02408
0.997786
0.97639
0.950024
1.01237
0.987531
0.962161
0.952174
0.956874
0.94581
0.950631
0.938752
0.94589
0.941964
0.944588
0.953851
0.938272
0.944585
0.943199
0.956648
0.922997
0.945463
0.938887
1.0009
1.01284
0.971889
0.952957
1.00838
0.928473
0.953257
0.973135
0.977955
0.988111
0.981625
0.968474
1.01762
0.991238
0.975597
0.993796
0.991024
0.96308
0.98227
0.962423
0.992529
0.96705
1.04732
1.01441
0.970796
0.97709
0.996286
0.952799
0.952119
0.989934
0.975502
0.947277
1.02162
0.979099
0.976599
0.982591
0.981556
1.00006
0.972516
0.98069
0.992518
0.959901
0.972091
0.990649
0.986437
1.0231
1.01104
1.03756
1.00933
1.01626
0.98698
1.05443
1.02253
0.960699
0.981822
0.980014
1.00908
0.991033
1.00067
0.976115
0.978646
0.971115
1.02275
0.970058
1.03061
0.98085
0.982248
0.981468
0.995019
0.954494
0.992189
0.979322
1.04916
1.07373
1.00752
0.990087
1.00576
0.994526
0.972308
0.992425
1.01119
1.64419
2.89222
2.65842
2.7394
2.59923
2.05259
1.05387
1.02571
1.0295
1.02976
1.08085
1.02982
1.03872
1.03904
1.0307
1.01996
0.95437
0.956108
0.903718
0.943893
0.956675
0.943197
0.962011
0.976532
0.941829
0.992819
0.931204
0.947702
0.964671
1.19312
1.21488
0.956892
0.949275
0.944402
0.942977
0.93392
0.946539
0.993224
0.899915
0.959321
0.959413
0.96351
0.950511
0.947771
0.943817
0.969987
1.02987
0.954568
0.93695
0.948265
0.960611
0.956954
0.945662
0.945602
0.993311
0.950025
0.954208
0.963428
0.965712
1.0066
0.970472
0.970294
0.966157
0.93786
1.00386
0.983904
0.983275
0.990081
0.963823
0.980812
1.00262
1.0017
0.987511
0.982709
0.96599
2.69749
2.50524
2.50852
2.50767
1.96422
1.12497
1.15181
1.13644
1.0756
1.81463
2.47486
2.115
1.78826
2.48484
2.42737
2.56277
1.67906
1.59603
1.64799
1.57863
1.57864
1.62471
1.28373
0.920029
0.919237
0.909983
0.91992
0.923366
0.932405
0.908999
0.90883
0.922699
0.933343
0.921931
0.95422
0.938275
0.922884
0.956927
0.942999
0.943481
0.944029
0.949863
0.924574
0.96982
0.979077
0.985202
0.945262
0.978969
0.944158
0.911017
0.948011
0.906324
0.934515
0.954182
0.960657
0.955657
0.942234
0.959769
0.961516
0.960673
0.989129
0.990752
0.948884
0.94399
0.997884
1.01562
1.2127
2.67055
2.73874
2.27917
1.30988
1.04628
0.985149
0.959406
0.943148
0.906921
0.934477
0.935869
0.935619
0.976652
0.940354
0.954125
0.941821
0.93276
0.937839
0.916288
0.930076
0.929336
0.955854
0.990581
0.946652
0.940051
0.95687
1.29461
2.34745
2.14905
2.11562
1.45767
1.4458
1.46046
1.44012
1.43038
1.42011
1.53371
2.73616
2.69391
2.75425
1.9632
1.189
1.23215
1.1955
1.14134
1.21931
1.17481
1.23145
2.55595
2.54848
2.54545
2.45066
1.49856
1.01346
1.09156
1.02765
1.31572
2.59163
2.41148
1.74096
1.62862
1.58227
1.63179
1.55048
1.48154
0.959312
0.957427
0.959647
0.921984
0.954328
0.967513
0.937699
0.959215
0.981561
0.951003
1.00802
0.979024
0.921967
0.899776
0.945386
0.932889
0.948064
1.02665
1.3768
1.3253
1.55389
1.49736
1.56837
1.53121
1.53064
1.50537
1.26454
1.0282
1.04887
1.15021
1.02082
1.00395
1.02885
0.997245
0.971304
0.985676
0.987556
0.981467
0.977952
0.962899
0.958288
0.965794
0.95626
0.965054
0.959132
0.95504
0.963578
1.00055
0.990761
0.988645
1.04531
0.960118
0.952575
0.943839
0.951784
0.97638
0.955726
0.967556
1.0046
1.00428
0.959148
1.01824
0.993051
0.971476
0.960294
0.938861
0.939527
0.973271
0.974592
0.982779
1.00217
0.998187
0.969412
0.94498
0.997916
0.973086
0.969101
0.977508
1.01595
0.983095
0.972181
0.985072
0.994647
0.998553
0.966031
0.976195
0.953162
0.980707
0.951225
0.960591
0.961635
0.942497
0.956221
0.974679
0.983976
0.95629
0.932933
0.960861
0.941261
0.960222
1.08759
0.997682
1.01914
0.976628
0.964744
0.956484
0.937605
1.16363
1.24362
1.53401
1.68699
1.66189
0.97298
0.937324
0.939761
0.921585
0.92051
0.940107
0.937839
0.923815
0.939564
0.93839
0.934581
0.934467
0.94398
0.945244
0.934532
0.935696
0.963845
0.959408
1.00436
0.995032
1.00204
0.958426
0.920609
0.912403
0.925184
0.949867
0.910278
0.933938
1.00741
1.0252
0.99267
0.992672
0.967957
0.972506
0.956585
0.993182
0.997959
0.975731
0.993304
0.997958
0.93717
0.954478
0.932284
0.928843
0.938985
0.918787
0.929859
0.957361
0.93436
0.910947
0.947627
0.914937
0.937733
0.935187
0.912881
0.925727
0.950607
0.933557
0.942552
0.959655
0.912691
0.963528
1.01762
1.00728
1.68987
2.28595
2.58193
3.2763
2.73703
2.01013
1.04576
1.31624
1.13102
1.0241
1.19758
1.06546
1.00701
1.02917
1.00791
0.958457
1.81206
1.0942
1.34882
0.964471
0.922552
0.938688
0.931991
0.938791
0.935416
0.947789
0.922757
0.935476
0.931222
0.914362
0.931645
0.937469
0.945234
0.94993
0.934788
0.950825
0.934797
0.910063
0.900059
0.956126
0.927169
0.91063
0.960032
1.28445
1.4236
1.66951
1.64933
1.5349
0.936728
0.947048
0.93641
0.931031
0.936666
0.944187
0.950642
0.937498
0.947129
0.903979
0.914161
0.939259
0.92156
0.950762
0.943596
0.947387
0.935535
0.953568
0.911952
0.936311
0.897176
0.940448
0.906602
0.927819
0.910169
0.94794
0.95526
1.30058
1.26357
1.29337
1.28632
1.25755
1.20527
1.30666
1.0421
0.984363
0.928598
0.915504
0.930502
0.923501
0.960434
0.941051
0.923983
0.92592
0.945085
0.985039
1.04496
1.04604
1.01448
0.991545
0.984228
1.00005
1.00844
0.995079
1.01301
1.02104
0.9783
0.971325
0.976808
0.98056
0.959027
0.952032
0.989675
0.98748
0.910446
0.918534
0.986956
0.97532
0.98615
0.982497
0.974318
0.938816
0.879488
0.909492
0.941945
0.973025
1.10842
0.953145
0.92103
1.00601
1.29211
1.22613
1.24471
1.2378
1.03351
0.903724
0.945154
0.930842
0.938254
0.940415
0.954586
0.951276
0.924602
0.911156
0.963347
0.946486
0.979538
0.973937
0.954112
0.964511
0.952757
0.956492
0.969678
0.941837
0.954629
0.941491
0.955869
0.915138
0.957283
0.95372
0.962398
0.955948
0.96351
0.95182
0.937688
0.942501
0.957383
0.947968
0.967497
0.96786
0.938392
0.950488
0.93465
0.934768
0.962063
0.953538
0.948053
0.951919
0.987109
0.956851
0.927219
0.922146
0.925007
0.934631
2.29517
1.196
1.1638
1.16403
1.12035
1.1778
1.16979
1.24377
1.27693
1.07843
1.15336
1.23431
1.19542
1.17233
1.38172
1.25023
1.25736
1.21637
1.23345
0.963725
0.932579
0.972543
0.958267
0.929053
0.928927
0.920698
0.965939
0.947652
0.915408
0.92296
0.931282
0.969458
0.931631
0.924257
0.924063
0.925455
0.913908
0.92167
0.935688
0.932969
0.934351
0.942647
0.96423
0.955334
0.955355
0.949056
0.935646
0.915774
0.943069
0.93583
0.936529
0.928228
0.919615
0.915217
0.97662
0.934232
0.982388
0.935597
0.904456
0.935108
0.949227
0.950297
0.953585
0.972787
0.974094
0.995306
0.965808
0.940821
0.950457
0.944716
0.962623
0.954644
0.963773
0.938228
0.960459
0.926263
0.929546
0.928988
0.929216
0.932281
0.908701
0.967764
0.968042
0.908129
0.94483
0.96843
0.93046
0.932173
0.935533
0.909331
0.931741
0.957552
0.931794
0.945363
0.948133
0.910915
0.957861
0.967488
0.984237
1.03912
0.977193
0.987116
0.979494
1.02103
1.01123
1.0004
0.994237
0.975735
0.956263
0.97279
0.962376
0.945282
1.01724
0.979959
0.993259
1.02161
1.38869
1.3309
1.31495
1.85447
1.27879
1.04627
0.976835
1.00864
1.00993
0.990292
0.93094
0.973441
1.19709
1.10113
0.923348
1.03636
1.02511
0.974069
0.996424
0.997932
0.977997
0.99578
0.974896
0.936089
1.07718
1.28503
1.2398
1.26941
1.29051
1.25394
1.24528
1.25529
1.23031
0.996721
0.930802
0.958596
0.954607
0.942678
0.941451
0.930241
0.99179
0.986968
0.920619
0.947955
0.961678
0.897218
0.956609
0.910415
0.960097
0.931934
0.922034
0.933121
0.937528
0.936852
0.925218
0.928316
0.963353
1.55725
1.5013
1.54536
1.48885
1.51179
1.02673
3.61662
1.54917
1.53854
1.43315
0.980606
1.00747
0.961332
0.971352
0.989851
0.963153
1.03722
0.996364
1.01728
0.977452
0.991622
1.0573
0.98495
0.968264
0.998133
1.01409
1.00022
1.00541
0.975701
0.988488
1.01507
0.996808
0.976552
0.990879
0.969204
0.997543
0.985002
0.969132
0.973166
0.972239
0.978467
0.98396
1.01216
1.0514
0.99748
0.98103
0.998791
1.0154
0.97534
1.06022
0.947768
0.925246
0.943914
0.921519
0.928747
0.944291
0.91436
0.970595
0.910898
0.936632
0.932231
0.945494
0.974112
0.988471
1.00001
0.989767
1.00284
0.980433
0.953829
0.95161
0.961244
0.969757
0.968119
0.992734
0.965461
0.966694
0.964809
1.00085
0.982329
0.964908
0.959737
0.925225
0.955676
0.949553
0.921399
0.987028
0.941345
0.988509
0.973664
0.968919
0.923622
0.960598
0.949039
0.944611
0.939636
0.929255
0.943544
0.97204
0.968904
0.941748
0.935793
0.93495
0.932422
0.95274
0.947653
0.944072
0.941485
0.941501
0.992694
0.994875
0.98926
0.99363
4.60606
0.997684
0.974869
0.99644
1.02365
0.978734
0.974752
0.986387
0.969957
0.951942
0.99421
0.98272
0.996154
0.954236
0.960555
0.993382
0.974535
0.984771
0.981744
0.977783
0.97763
0.984758
0.97666
1.00101
1.0012
0.981896
0.989857
0.981229
0.935322
0.99295
0.924167
0.916268
0.909625
0.956677
0.995969
0.97974
0.957427
0.960938
0.988452
0.972023
0.982364
0.960657
0.959222
1.02416
0.98501
0.965018
0.988565
0.946755
0.949439
0.986263
0.975769
0.982583
0.965462
0.978561
1.0279
0.975641
0.994291
0.997861
0.935892
0.988957
1.01571
1.00398
0.991452
1.00063
0.955364
0.988319
0.977639
0.980948
1.00184
0.965958
0.976202
0.981766
0.971659
0.979532
1.01992
1.0095
0.981976
0.983269
0.964484
0.976059
0.976415
0.974609
0.973121
0.964501
0.968409
0.956901
0.980511
0.985308
0.985715
0.991693
1.02085
0.977099
0.986335
1.03312
1.02993
1.0165
0.985903
0.97803
0.965111
0.995552
0.988098
0.994178
0.966642
4.1091
0.971246
0.984826
0.986734
1.00274
1.02453
1.01794
0.955888
1.01923
0.982802
0.985599
0.981432
0.994916
0.981656
0.991075
0.983726
0.985982
0.950328
0.999375
0.985562
0.976369
0.990011
1.00664
0.968585
0.982781
0.974277
0.978668
0.994947
1.00374
0.982556
0.97334
0.987661
0.994103
0.99995
0.990761
0.968218
0.9921
1.02059
0.988201
0.976631
0.957617
0.949039
0.901536
0.901488
0.953508
0.93004
0.954508
0.931659
0.927767
0.938621
0.958651
0.945772
0.953288
0.960348
0.945015
0.938449
0.925235
0.966599
0.954488
0.925402
0.937623
0.957652
0.946193
0.933382
0.960356
0.939335
0.930984
0.950476
0.948369
0.961872
0.942383
0.942065
0.936853
0.938844
0.907133
0.985777
0.945712
0.948946
0.935336
0.939395
0.963094
0.942741
0.94401
0.955186
0.939646
0.940727
3.17972
2.53525
2.54084
2.37612
1.07031
1.07285
1.08191
1.0296
1.0585
1.02188
1.06905
1.03117
1.03367
2.94289
0.995081
0.993684
0.976134
0.940017
0.930387
0.962765
0.990967
0.988443
1.07269
1.60685
2.4759
2.50834
2.40923
1.21009
1.22703
1.15994
1.20036
1.1987
1.15196
1.19298
1.17385
1.13431
0.902281
0.912713
0.899169
0.920016
0.903284
0.935491
0.892978
0.912621
0.926293
0.965679
0.97581
0.945776
0.949028
0.953225
0.972329
0.93261
0.953196
0.927916
0.925125
0.937285
0.907651
0.973194
0.979542
0.981627
1.0212
0.987499
0.977409
0.989631
0.961675
0.984793
1.01016
0.955567
0.994838
0.985344
0.979712
0.977014
0.953801
0.947127
0.941316
1.02192
1.03427
1.03286
0.97244
0.993531
0.985784
0.964783
0.948512
0.955747
0.924002
0.946821
0.946405
0.967382
0.917445
0.959759
0.91263
0.970043
0.959234
0.906196
0.980162
0.946608
0.956482
0.97787
0.944191
0.914977
0.947225
0.973325
0.943261
0.962266
0.935455
0.958344
0.953399
0.979285
1.05094
1.01712
1.00694
1.02424
0.962281
0.95249
0.978339
0.930988
0.951819
0.943577
0.937415
0.989892
0.97182
0.94659
0.963813
0.96864
0.957201
1.94271
0.938733
0.921439
0.963601
0.949074
0.940718
0.997212
0.949666
0.954176
0.974953
0.947063
0.971757
1.04905
1.00016
1.00003
0.999548
0.986763
0.98391
0.938656
0.94506
0.952251
0.946569
0.938673
0.949551
0.940347
0.976894
0.949415
0.95118
0.954475
0.98112
0.917539
0.963527
0.927893
0.953799
1.0445
1.02914
1.00987
1.02369
0.982444
0.974431
0.956583
0.943949
0.981313
1.01608
1.00591
0.995729
0.964805
1.00932
1.01076
0.981527
1.00504
0.998264
0.961517
0.948433
0.920986
0.985579
1.01779
1.00782
0.961949
0.970051
0.947619
0.961389
0.963332
0.950497
0.933033
0.953017
1.41205
1.29429
1.31362
1.24407
1.33907
1.28788
1.28563
0.992657
0.981635
0.959247
0.966278
0.973444
1.00991
0.977136
1.02841
0.965642
0.988078
0.993006
0.957502
0.974645
0.94768
1.01743
0.938486
0.907712
0.936023
0.95601
0.943042
0.928786
0.949022
0.96705
1.01814
0.947414
0.951738
0.967997
0.983908
1.00012
1.02811
1.01883
0.976978
0.982053
0.962165
0.96281
0.989175
0.989021
0.969757
0.971335
0.975556
0.974264
0.96438
0.992837
0.962055
0.970813
0.974331
1.0017
0.956221
0.958542
0.949909
0.957468
0.971025
1.02341
0.984572
0.990714
0.934246
0.940036
2.5417
1.28787
1.04409
1.01283
0.97758
0.978895
0.96153
0.973984
0.972484
0.968054
0.984923
0.94323
0.978197
1.0093
0.979324
0.978296
0.968477
0.929087
0.948673
0.98626
0.97732
0.981437
2.33661
1.75777
0.980566
0.983263
0.959609
1.00805
0.979056
0.98799
1.01754
0.961292
0.997937
0.993207
0.964399
0.965622
0.97579
0.961443
0.971525
0.973604
0.980622
0.981304
0.986419
1.02519
0.980486
0.978849
0.972413
0.97692
0.93837
0.995592
0.988344
0.98786
0.980394
0.989187
0.960925
0.950852
0.947097
0.979046
1.02417
0.965093
0.992038
0.985518
0.950149
0.984445
0.950297
0.945103
0.970389
0.939325
0.948483
0.963505
0.926869
0.952673
0.967163
0.968264
0.983826
0.960378
0.945776
0.988237
0.936933
1.01832
0.987894
1.00364
0.976108
0.959881
0.996519
0.954774
0.965374
0.953509
0.995291
0.956449
0.987103
0.992008
1.01186
1.0209
0.986143
0.952878
0.962766
0.971882
0.952255
0.953635
0.961257
0.98423
0.970839
0.999855
0.994526
0.98811
0.951119
0.968654
0.980004
0.975316
0.98803
0.999319
0.977895
0.987355
0.966904
0.972318
0.962864
1.0094
0.960338
0.995444
0.975745
1.01245
0.973356
0.990046
0.955059
0.984378
0.951403
0.95645
0.949443
0.945533
0.960497
0.948686
0.938416
0.967266
0.979386
0.974077
0.971742
1.0049
0.971221
0.938247
0.92472
0.952045
0.970281
0.972457
1.01186
0.994209
0.963355
0.959717
0.971748
1.00357
1.01867
0.994701
0.991629
0.988511
0.978746
0.985694
0.961968
0.977566
0.975541
0.975541
0.980206
0.986637
0.971727
0.961526
1.03657
1.00994
1.01722
0.975462
0.995071
0.991709
0.993618
0.961213
0.999296
0.998233
0.978806
0.999944
0.954765
0.990404
0.979214
0.986631
0.989775
1.02146
0.972567
1.00033
1.01414
0.979309
0.970354
0.977469
0.965791
0.978576
0.984098
1.01497
1.00724
0.983692
0.993517
0.947103
0.991857
0.96398
0.977378
0.96691
0.943481
0.970945
0.947791
0.986618
0.984442
0.995358
0.975507
0.9655
0.974043
0.963536
0.941465
0.990753
0.980767
0.970328
0.988087
0.979931
0.98271
0.981325
0.95168
0.985739
0.930223
0.980481
0.987864
1.02082
0.973734
0.972741
0.994005
0.986611
0.994377
0.945519
0.949328
0.962584
0.946642
0.968564
0.954687
0.939921
0.955743
0.939578
0.990813
1.01682
1.00697
1.00339
1.00293
0.980417
0.989037
0.981729
0.994395
0.981041
0.959097
0.949929
0.945568
0.942743
0.952386
0.943598
0.957216
0.901197
0.937679
0.980648
0.956317
1.00009
0.942786
0.963306
0.955991
0.966962
0.97643
0.999271
0.983949
0.947658
0.942044
0.919491
0.94588
0.975241
0.920403
1.00243
0.957839
0.987635
0.981488
0.976814
0.96285
0.943032
1.00663
0.963356
0.986045
0.98172
0.97787
0.989529
1.03605
0.971004
0.994129
1.00134
0.973211
0.983399
1.00972
0.998933
0.948647
0.946496
1.01105
0.985159
0.990752
0.998956
0.981435
1.01372
0.980047
0.963657
1.01872
0.96275
2.38873
2.5568
2.51469
2.50809
2.22424
1.0779
1.05167
1.50086
1.61203
1.64524
1.62552
1.44386
1.20087
1.24548
1.25448
1.27968
1.2632
1.22137
1.22845
1.57253
1.25937
1.26328
1.27345
1.23593
1.23084
1.27262
1.25839
1.28108
1.28298
1.26582
1.25807
1.23826
1.25457
1.242
1.27167
1.25038
1.29427
1.30612
1.22127
1.2293
1.22752
1.21283
1.23151
1.23901
1.19772
1.25096
1.22943
1.22646
1.23741
1.23491
1.22176
1.27219
1.27687
1.32659
1.61884
2.00486
2.07045
1.86552
1.62056
1.02756
1.06895
1.01917
1.04114
1.01167
1.04114
0.997785
1.02461
1.02531
1.01291
1.02386
1.04137
0.978015
0.987602
1.06438
1.05788
1.03324
1.02451
1.04767
1.02323
1.04442
1.03842
1.00722
1.02696
0.979643
0.995908
1.00272
0.975198
0.974102
1.05268
1.04191
1.02397
1.02993
1.01865
1.06128
1.01893
1.02299
1.03033
1.04793
1.02462
1.06827
0.999713
1.02577
0.97988
1.0342
1.07533
1.08698
1.0217
1.00986
1.04208
1.01447
0.975559
0.983615
1.01062
1.01521
0.99039
1.04806
1.03676
1.02129
1.03176
0.988615
0.949313
1.05052
1.02887
1.0703
0.977108
1.0143
0.912508
0.911795
0.993029
1.02305
1.00969
0.996619
1.00669
1.02217
0.976992
0.989433
1.05815
0.990429
0.999668
0.988699
0.965407
0.98931
0.961318
1.02305
1.00922
0.965701
1.02981
0.972465
0.980948
0.999302
0.969099
0.946655
0.922474
0.919805
0.941284
0.933077
0.890831
0.913343
2.02859
2.14222
2.12671
2.75833
2.58725
2.56181
2.51925
1.67092
1.20422
1.20347
1.19589
