8.61967
4.02923
2.65665
2.58333
2.77197
2.39949
1.19812
1.24419
1.24137
1.22455
1.19168
1.29011
1.2483
1.21209
1.27612
1.28745
1.22061
1.24984
1.22801
1.22285
1.23824
1.24371
1.17544
1.18804
1.20724
1.24941
1.21645
1.18998
1.23054
1.22586
1.25348
1.22809
1.24326
1.20935
1.22875
1.26981
1.27852
1.29941
1.24712
1.26789
1.23208
1.22822
1.2459
1.21342
1.28637
1.22648
1.21968
1.23418
1.24075
1.23521
1.21896
1.33551
1.22355
1.22067
1.19792
1.21682
1.22886
1.24303
1.23362
1.21833
1.21724
1.2087
1.13015
1.23426
1.21687
1.2196
1.2128
1.19878
1.11368
1.14324
1.22707
1.17248
1.18276
1.21582
1.18981
1.23515
1.28731
1.2407
1.29607
1.23248
1.24971
1.29533
1.26483
2.41064
2.29595
1.99791
1.66504
1.85422
1.74691
1.66702
1.74947
1.52849
2.58777
2.52597
2.53279
1.96255
1.30078
1.39518
1.30502
1.29568
1.29757
1.31858
1.27458
0.986852
0.976366
0.947206
0.996491
0.982532
0.981204
0.994901
0.966678
0.980116
1.01531
0.992219
0.996033
0.974072
0.995153
0.96012
0.94615
0.948226
0.955963
0.950346
0.950401
0.942252
0.9316
0.953492
0.998883
0.972634
0.945553
0.972448
0.952082
0.984867
0.916643
0.962203
1.01714
0.991143
0.957433
1.00494
0.972358
0.984827
0.983187
0.97922
0.969291
0.997989
0.989512
0.965717
0.965512
0.997313
0.991668
1.00083
0.983998
0.972033
0.980924
0.938317
0.988973
0.985418
0.958236
1.01734
1.05532
1.01049
0.944647
0.967067
0.987523
1.0128
0.988041
0.979668
0.970935
1.0017
0.94293
0.92886
0.963653
0.959455
0.977455
0.962189
0.934941
0.94438
0.957001
1.02243
0.989019
1.08574
0.996795
0.982686
1.01115
0.969487
1.00659
0.948531
0.990659
0.981497
0.958182
0.998014
1.0076
0.991873
1.07686
0.956862
0.948865
0.967782
0.933326
0.952006
0.914486
0.977435
0.946773
0.958265
0.942781
0.950532
0.955444
0.952217
0.928607
0.96696
0.951361
0.97895
0.954916
0.982674
0.959447
0.946564
0.967966
0.957491
0.949667
0.957217
0.959661
0.956134
0.961934
0.960585
0.946617
0.962055
0.939023
0.942718
0.932669
0.950148
0.961648
0.955073
0.950871
0.950089
0.992478
0.97998
0.948228
0.962541
0.952748
0.941741
0.934493
0.944706
0.941497
0.956869
0.960579
0.955925
0.939427
0.913969
0.982435
0.961169
0.956904
0.951321
0.958699
0.941039
0.939671
0.939928
0.964524
0.969526
0.94152
0.967357
0.933422
0.941059
0.957681
0.94657
0.965831
0.942391
0.945142
0.950031
0.957441
0.957231
0.964905
0.947606
0.930877
0.970404
0.942513
0.968169
0.966879
0.97446
0.967902
0.951668
0.933735
0.982697
0.95566
0.945325
0.942335
0.961032
0.959947
0.956074
0.945163
0.937314
0.941498
0.944815
0.950586
0.942837
0.951292
0.937085
0.966457
0.965428
0.959277
0.960135
0.970784
0.956999
0.957814
0.956699
0.94721
0.937313
0.954689
0.937317
0.942162
0.958785
0.944681
0.936006
0.961118
0.944361
0.949888
0.922285
0.962818
0.954212
0.96218
0.930601
0.970094
0.946626
0.947929
1.02891
2.35275
2.48192
2.43998
2.34468
1.24975
1.2873
1.24562
1.23488
1.22734
1.19802
1.24805
1.23128
1.27526
1.28063
1.27085
1.29247
1.29029
1.28886
1.28681
1.28424
1.284
1.25069
1.23128
1.23235
1.22772
1.22106
1.22965
1.23095
1.24451
1.24224
1.2727
1.56394
2.75155
2.17369
1.22497
1.24183
1.22124
1.22418
1.25575
1.22733
1.19737
1.23542
0.969737
0.969305
0.943639
0.986163
0.976137
0.936981
0.941669
0.979822
0.966834
0.940342
0.959503
0.937129
0.950365
0.976251
1.15424
1.11592
0.95122
0.988672
0.967529
0.965272
0.982078
1.06392
0.983044
0.99127
1.04599
0.979628
0.992656
1.00139
0.962741
0.975698
0.948679
0.947205
0.958782
0.962433
0.94374
0.94734
0.942835
0.943994
0.932667
0.958654
0.944949
0.953413
0.984852
0.955579
0.951532
0.950882
0.959531
0.945106
0.955616
0.957853
0.934713
0.982359
0.958293
0.915768
0.954953
0.943414
0.937554
0.967108
0.957314
0.945181
0.961787
0.948502
0.944683
0.947084
0.958828
0.935617
0.948599
0.948849
0.953098
0.962035
0.936296
0.96311
0.975166
0.948383
1.79696
2.44438
2.44734
1.8066
1.37916
1.41137
1.47837
1.8646
1.72725
1.64713
1.27669
0.976498
0.94248
0.952699
0.943964
0.912245
0.949659
0.959014
0.951111
0.950581
0.943502
0.948385
0.952271
0.948597
0.964237
0.956871
0.954769
0.945473
0.94843
0.929991
0.943214
0.935754
0.942311
0.993866
1.26508
1.27673
1.25896
1.24468
1.23249
1.257
1.2244
1.2634
1.24073
1.24829
1.24851
1.34372
1.70029
2.04089
2.12486
2.06822
2.06789
2.06691
1.14484
0.956888
0.94295
1.28107
1.25157
1.25076
1.26282
1.23417
1.25211
1.25625
1.231
1.25709
1.2528
1.2354
1.25163
1.22285
1.24471
1.23042
1.2415
1.23781
1.24605
1.25348
1.24825
1.27031
1.26081
1.2526
1.26676
1.22861
1.26412
1.22928
1.23968
1.24041
1.25713
1.23115
1.22165
1.22755
1.25549
1.27034
1.25424
1.23288
1.24147
1.24494
1.23914
1.2247
1.20809
1.22571
1.25344
1.25563
1.22349
1.24178
1.21902
1.19952
1.211
1.54212
2.53836
2.5335
1.00395
0.97801
0.966196
0.964595
0.937372
0.937307
0.955763
0.939061
0.931363
0.956964
0.922014
0.949758
0.933052
0.950973
0.941668
0.959628
0.952701
0.983414
1.23577
2.48252
2.49959
2.44342
2.42169
1.01729
1.00039
1.05285
1.03917
0.994104
0.99249
1.00133
1.00201
0.998624
0.987441
0.895981
0.945382
0.930199
0.956702
0.927846
0.932657
0.964839
0.99034
1.00195
1.0152
1.00105
0.973135
0.934988
0.949225
0.923274
0.917763
0.91863
0.917784
0.928008
0.934389
0.933425
0.937913
0.924019
0.966823
0.955453
0.945536
0.911949
0.953758
0.959633
0.962064
0.939802
0.933613
1.17096
1.10257
0.963421
0.955855
0.955105
0.93024
0.931482
0.928731
0.946554
0.939128
0.931923
1.01204
0.935075
0.933521
0.944922
0.95344
0.932336
0.951212
0.936242
0.903205
0.946417
0.952133
0.937611
0.946317
0.934979
0.936577
0.927854
0.929098
0.920594
0.949486
0.947278
0.955932
0.965196
0.943525
1.7178
1.65568
1.67465
1.68341
1.36817
0.995717
0.984684
1.0009
0.989742
0.97613
0.987035
0.988305
0.999919
0.976751
0.976608
0.943417
0.94528
0.929038
0.929738
0.946316
0.941586
0.93966
0.931718
0.915586
1.12532
2.38794
3.37269
2.4081
2.07673
0.97545
0.986568
0.982888
0.978852
1.01353
0.981204
0.970144
1.01796
0.933403
0.930649
0.965871
0.956976
0.952884
0.951838
0.965668
0.957766
0.905191
0.934503
0.938019
1.01504
1.00194
0.996014
0.968468
0.959394
0.970086
0.96753
0.956842
0.952226
0.950885
0.975459
1.00626
0.998332
1.01607
0.96808
0.99308
0.976815
1.0049
0.965544
0.992297
0.971329
0.992948
0.947392
0.932784
0.967569
0.929895
0.968642
0.951927
0.9807
0.917298
0.93034
0.954968
0.958056
0.939068
0.981448
0.957876
0.930412
0.918487
0.953569
0.965259
0.933037
0.94373
0.961171
0.985518
0.951664
0.956323
0.959671
0.947656
0.966464
0.944019
0.949572
0.93713
0.965045
0.958703
0.948124
0.960635
0.972267
0.960572
0.957527
0.941217
0.981194
0.960772
0.945786
0.952433
0.942764
0.94277
0.961631
0.948421
0.929228
0.958932
0.94691
0.941577
0.94815
0.949712
0.965446
0.964751
0.939979
0.969217
0.945634
0.951385
0.955683
2.12324
1.1996
1.15321
1.17597
1.20258
1.20303
0.9438
0.968867
0.936639
0.921905
0.93888
0.9318
0.925144
0.947174
0.957456
0.93675
0.947046
0.953233
0.960489
0.952797
0.948936
0.947847
0.970874
0.938071
0.93829
0.952825
0.959795
0.967096
0.96499
0.97396
0.979742
0.972257
0.996322
0.987516
0.993788
1.09588
1.00774
0.995094
1.01623
1.01719
1.007
1.01685
1.02269
0.970714
0.95877
0.979379
0.972804
0.949626
0.946967
0.964195
0.92012
0.952448
0.975506
0.944243
0.94616
0.953106
0.957422
0.938647
0.9547
0.961816
0.929973
0.973024
0.950183
0.962871
0.927851
0.979343
0.967396
0.946902
0.95914
0.959493
0.976943
0.948175
0.989807
0.952714
0.970689
0.954809
0.961081
0.955613
0.954501
0.943401
0.981632
0.948215
0.945611
0.954474
0.934135
0.912194
0.906422
0.946349
0.960656
0.934308
0.923634
0.947838
0.927555
0.92415
0.943476
0.919537
0.944249
0.962132
0.971332
0.972936
0.983207
1.05133
1.02744
1.01807
0.96649
0.959327
0.959512
0.977315
0.964741
0.958898
0.945181
0.969611
0.964402
0.944206
1.00178
0.960322
0.954695
0.931819
0.947745
0.931881
0.914802
0.924914
0.940317
0.933537
0.924466
0.928274
0.94334
0.918733
0.91669
0.935584
0.924273
0.928385
0.923833
0.939389
0.941154
0.933727
0.935118
0.946287
0.95997
0.954599
0.933651
0.954784
0.97087
0.956199
0.944745
0.952066
0.951373
0.958394
0.95699
0.956215
0.945994
0.945888
0.988027
0.989208
0.923478
0.943799
0.93951
0.940078
0.993813
0.93745
0.92579
0.944863
0.930898
0.945401
0.965048
0.937363
0.968727
0.991637
0.950403
1.01357
0.996795
1.00299
0.958751
0.930988
0.977181
0.976062
0.947445
0.947257
0.946166
0.938447
0.980622
0.993229
0.967502
0.961404
0.94085
0.955096
0.973098
0.969198
0.923477
0.959965
0.933169
3.29474
0.968228
0.970075
0.963133
0.972132
0.97518
0.939336
0.931676
0.968402
0.946503
0.951762
0.95284
0.939058
0.926028
0.968079
0.964664
0.940971
1.00778
0.946797
0.956015
0.934549
0.96274
0.962436
0.934227
0.936521
0.939733
0.961165
0.945493
0.973517
0.935986
0.939066
0.945724
0.924635
0.963111
0.93743
0.926136
0.939332
0.939072
0.94596
0.990006
0.984202
0.976234
1.28131
1.30374
1.25423
1.29294
1.31637
1.26522
1.26781
1.27113
1.25812
1.28706
1.26167
1.26859
1.26902
1.28288
1.28335
1.28435
1.24077
1.27018
1.28538
1.2307
1.25292
1.1444
0.931666
0.961391
0.950707
0.94662
0.971086
0.933102
0.923485
0.942246
0.925959
0.906247
0.931694
0.951968
0.979803
0.914742
0.934981
0.919372
0.93644
0.941781
0.942894
0.926596
0.919552
0.961856
0.949215
0.962029
0.946619
0.943167
0.931633
0.939986
0.961474
0.972795
0.958993
0.999867
0.985741
0.961266
0.933922
0.942833
0.928398
0.969864
0.925004
0.956949
4.45213
1.01951
0.948901
0.95349
0.954262
0.953766
0.929595
0.95743
0.980704
0.991103
0.959892
0.988483
0.996661
0.965497
0.976842
0.975158
0.96273
0.995222
0.995808
0.97261
1.02719
0.968069
0.991258
0.99953
0.977196
0.983968
0.963857
0.946511
0.951057
0.993888
0.940888
0.98274
0.992254
0.966208
1.00809
0.985558
1.0197
0.972488
0.975572
0.968581
1.00997
0.972779
0.985595
0.953046
0.97191
0.951376
0.95747
0.933776
0.940004
0.948521
0.904232
0.939577
0.934307
1.01727
0.9802
0.99774
1.00356
0.998477
0.954416
1.0056
0.993597
0.991623
0.990256
0.972637
0.962952
0.980736
0.961143
1.00446
1.00581
0.996339
0.997373
0.980726
1.02961
1.02242
0.973472
0.980128
1.01186
0.993165
0.997991
1.02922
1.01037
1.00627
0.986145
1.0223
0.997559
1.01557
0.997463
0.951331
0.982818
0.981958
0.987956
1.00238
1.02076
0.992634
1.41572
1.2355
0.9931
0.985924
0.998353
0.991024
0.987383
4.92828
1.01362
1.0514
1.00784
1.01786
1.00162
0.98914
0.996997
1.03037
0.996213
0.982725
1.00582
0.96534
0.987527
0.989086
0.979326
1.0025
0.974422
0.957716
0.977946
0.978268
0.956753
0.963391
0.971202
0.976031
0.981786
0.959994
1.0147
1.02884
0.966864
0.98062
0.977446
0.992605
1.01314
1.0165
0.984435
1.02196
1.06689
0.983289
1.01136
1.02691
1.01316
0.963172
0.980431
1.0063
1.01615
0.968094
0.989588
0.99925
0.999745
1.0022
1.0377
1.03782
1.03125
1.04906
1.04377
1.03676
1.02367
1.0121
1.02047
1.04325
1.04094
1.0633
1.05601
1.06231
1.02695
1.05378
1.06292
1.10398
1.00647
1.00878
1.01965
1.05225
1.05671
1.03012
1.06735
1.02351
0.999417
1.01952
0.996093
1.00585
1.03656
1.28056
1.01623
0.936038
0.95667
0.947831
0.931675
0.934791
0.949611
0.938454
0.941208
0.934841
0.91748
0.954808
0.926229
0.934916
0.968879
0.936496
0.927122
0.930607
0.936229
0.928913
2.94984
0.951762
0.965765
0.965842
0.974687
0.951474
0.951854
0.967372
0.953796
1.01359
2.4414
2.51484
2.45442
2.13576
1.17168
1.11862
1.15835
1.14233
1.14168
1.11176
1.15534
1.1387
1.11069
0.912647
0.904318
0.927944
0.921738
0.928417
0.931084
0.918873
0.906187
0.956085
0.960724
1.00516
0.999006
0.973033
0.990374
0.939991
0.95035
0.960373
0.945851
1.52398
1.68696
1.50132
0.999601
1.00518
0.977004
1.0063
0.979785
0.989624
0.996651
0.979016
0.975647
0.983105
0.96113
0.964435
1.00866
0.949477
0.973145
0.952923
0.99037
0.987775
1.02054
0.983313
0.99641
0.992806
0.974935
0.947409
0.966133
0.943011
0.958627
0.943691
0.943039
0.957607
0.945
0.936883
0.930714
0.91876
0.956039
0.944411
0.920204
0.958096
0.982057
0.949594
0.952499
0.970168
0.944493
0.951659
0.941761
0.951956
1.0173
0.966812
0.994051
1.01198
0.979534
1.0206
0.961247
0.977529
0.957852
0.944172
0.949648
0.950859
0.97708
0.980141
0.938232
0.947464
0.930316
0.925719
0.94576
0.971121
0.957775
1.26443
0.958957
0.946517
0.938498
0.954727
0.965356
0.965119
0.962213
0.931344
0.948355
0.952992
0.98949
0.975415
0.987003
0.977411
0.969215
0.976948
0.960819
0.95279
0.94473
0.944351
0.960233
0.962239
0.965148
0.962765
0.94767
0.976351
0.948053
0.944804
0.944331
0.950052
0.961262
0.969972
0.947979
0.963017
0.976688
0.979478
0.981892
0.981628
0.996696
0.981315
0.963499
0.977972
0.983626
0.986191
0.975636
1.00783
0.971453
1.04769
0.985645
1.00258
0.983022
0.970629
0.934288
0.9411
0.977959
1.00917
0.989548
0.969076
0.937097
0.937681
0.951961
0.947031
0.941586
0.970531
0.972644
0.983514
0.994398
1.00845
0.946354
0.968697
0.980678
1.00262
1.01585
1.00837
0.982178
0.976898
0.979521
0.975614
0.966534
1.00855
0.996381
1.40604
1.17219
0.984152
1.00415
0.950962
0.93302
0.947396
0.979358
0.947457
0.974138
0.967706
0.931299
0.946326
0.946017
0.951433
1.00401
1.02132
0.972036
0.946227
0.97319
1.024
1.02837
0.985524
1.02593
0.970784
0.983046
0.968545
0.974367
1.02286
0.965679
0.976868
0.965211
0.954754
0.969547
0.994343
0.987354
0.9886
0.977407
0.944532
0.997263
0.963588
0.955563
0.976132
0.921248
1.00418
1.03164
0.987538
0.987848
0.973225
0.985899
1.03272
1.01514
1.02734
0.983806
0.969318
0.996676
0.988261
0.980593
0.972436
0.987349
0.99506
0.981528
0.972399
0.991672
1.01481
0.969701
0.977452
0.986366
0.91884
0.932419
0.977253
0.993687
0.955918
0.998239
1.29181
2.83226
2.82859
2.7334
1.48002
1.37466
1.40948
1.36951
1.36402
1.36719
1.39623
1.19038
0.995741
1.04626
1.06167
1.00403
0.99613
1.03079
0.970252
1.03366
1.01666
1.02063
1.03025
1.05068
1.00874
1.00577
0.993127
1.01773
1.06207
1.03588
1.03717
1.02798
1.03429
1.06788
1.01739
0.991493
0.973365
1.0081
1.00333
0.99374
1.02578
1.0105
1.01376
0.993089
1.02253
0.97069
0.991402
0.986413
1.02191
1.02601
1.03507
0.991914
1.01004
1.04582
1.01069
0.996064
1.01883
1.00233
1.04391
1.067
1.06776
1.06756
1.09168
1.08601
1.02078
1.08903
1.03254
1.03285
1.07012
1.05097
1.01961
0.983139
1.00859
0.971741
0.987159
1.00019
0.965279
0.978064
0.977596
0.951502
0.988287
0.976163
0.972321
0.962249
0.962423
0.96244
0.935027
0.943032
0.971106
0.972431
0.987857
0.959569
0.972728
0.940518
0.925102
0.912235
0.905817
0.907389
0.927526
0.917586
0.919018
0.93036
1.0018
0.983001
0.994437
0.988789
0.988402
0.958107
0.962685
0.962943
0.974105
0.94068
0.974759
0.990726
1.02137
0.990587
0.991508
1.00434
1.01207
1.00192
1.00422
1.04533
0.9927
0.981457
1.03736
1.04384
1.00112
1.02646
0.993775
0.978685
1.00005
1.01032
1.01505
1.02597
0.995994
1.0194
1.00313
1.03098
1.01999
0.983811
1.0032
1.0211
1.01765
1.05523
1.04565
1.03058
1.01216
1.02619
0.99104
1.01214
1.03566
1.04432
1.02605
1.03074
1.0139
1.03685
1.00587
1.03644
1.02245
1.0488
1.00593
1.00613
1.03069
1.03131
1.04134
0.993509
1.04199
0.994641
1.03887
1.01745
1.00855
1.0275
1.0138
1.02061
1.00757
1.01751
1.02249
1.01606
1.02364
1.00545
0.98967
1.00601
1.0086
1.06326
1.01349
1.0309
1.01429
1.00839
1.06015
1.03245
0.989313
0.994003
1.04245
1.00941
1.02308
1.02289
1.01276
1.02037
0.971321
0.99334
0.97703
1.01452
1.02253
1.03262
0.999452
0.996382
1.00615
1.05642
1.05074
1.00136
1.01456
1.03748
0.999262
1.02969
1.00387
0.998019
0.995483
1.01306
1.01284
0.962037
1.00526
1.03785
1.01672
1.00577
0.993054
1.00298
0.983359
1.04743
1.03633
1.03576
0.985675
0.931327
1.00451
0.994045
0.985277
0.991652
1.03187
1.04185
1.03336
1.00252
1.03681
0.99536
1.00114
0.999327
1.00426
1.00119
1.06153
1.04673
1.00437
1.05582
1.0149
1.05414
1.01894
0.996646
1.04008
1.03673
1.01588
0.972047
1.00661
1.02293
1.01144
1.03852
0.982397
1.02992
1.04645
1.03677
1.08961
1.0019
1.00635
1.01481
0.98389
0.967548
0.992582
0.973484
1.00872
0.97067
0.984341
0.971862
0.990537
0.980085
0.981709
0.984388
2.11986
1.08685
1.11969
1.11611
1.13036
1.08116
0.96592
0.938223
0.958556
0.926566
0.983408
0.928487
0.976947
0.959304
0.946481
1.17067
0.965817
0.962024
0.996223
0.982974
0.960048
0.978441
0.963818
0.987273
0.978388
0.962406
0.955753
0.967372
0.972348
0.984928
0.974092
0.967692
0.9778
0.95581
0.951452
0.990242
0.958315
0.983322
0.986356
1.01336
1.0736
1.04146
1.12833
1.46202
1.3882
1.39549
1.39746
1.37228
1.36594
1.37598
1.35668
1.31935
1.22566
0.953151
0.967003
0.96685
0.962233
0.952669
0.973869
0.984909
0.945997
0.950466
0.956784
0.923094
0.927755
0.925135
0.954549
0.946189
0.985784
0.958893
0.948305
0.957629
0.937199
0.9781
0.950041
0.948739
0.929402
0.931252
0.94575
0.922438
0.942434
0.912738
0.959963
0.952295
0.947718
0.990258
0.952506
0.9429
0.969954
0.932336
0.947166
0.942165
0.911606
0.912223
0.926467
0.918471
0.941146
0.968909
0.955325
0.938448
0.957552
0.937149
0.941726
0.942954
0.951033
0.954829
0.937499
0.928087
0.967513
0.915109
0.95133
0.922322
0.917351
0.92583
0.924849
0.984839
0.950163
0.940499
0.947289
0.947818
0.920136
0.909184
0.938491
0.905009
0.92225
0.9185
0.931887
0.954762
0.945114
0.94495
0.945088
0.947815
0.946472
0.948293
0.949291
0.936111
0.95597
0.932077
0.901566
0.89667
0.894258
0.919632
0.915451
0.946803
0.968447
0.982199
0.937755
0.944154
0.942046
0.972775
0.958421
0.943307
0.962161
0.958314
0.958102
0.940266
0.939487
0.946605
0.94422
0.981089
0.902926
0.920678
0.94042
0.930911
0.94886
0.958058
0.919494
0.915088
0.911013
0.910787
0.839955
0.81387
0.884932
0.897099
0.950545
0.97908
0.953179
0.968226
