6870.31
3.31018
2.90849
1.7048
2.12663
1.93752
2.57563
2.08581
1.02095
1.44012
1.50811
1.43171
1.37671
1.36796
1.01773
1.17132
1.74592
1.24966
1.48329
1.49666
1.67936
1.12892
1.24772
1.21372
1.24123
4.02498
2.71804
2.40987
2.20252
2.20029
2.4352
1.24688
1.0297
1.00234
1.35472
1.0709
1.77873
1.02092
1.03194
1.04468
1.04594
0.988963
1.01058
1.00056
1.02151
0.993646
0.990147
1.33071
1.00879
1.02438
1.02407
1.03635
0.948278
0.944907
0.95543
0.97946
0.955363
0.955785
1.04278
1.00543
0.961362
0.980367
0.830781
0.778787
0.806643
0.943755
0.927651
0.77091
0.888601
0.884813
0.966287
0.891285
0.8192
0.811493
0.876502
0.864205
0.747624
0.767251
0.773617
0.631267
0.794797
0.925006
0.972571
0.953893
0.888789
0.852651
1.14724
0.836426
0.96806
0.911939
0.848418
0.864357
0.824793
0.76485
0.865381
0.888246
0.929818
0.844685
1.38826
0.898508
0.944342
0.920855
0.876532
0.933889
0.946823
0.982937
0.895544
0.831409
0.889508
0.8703
0.973418
0.898518
0.866236
1.04157
0.966565
0.921024
0.999532
0.978163
0.933603
0.919632
0.963065
0.896217
0.932338
0.931584
0.995418
1.03306
1.03576
0.968967
0.923216
1.35274
1.03708
1.00809
1.05257
1.10939
1.04197
1.03483
0.965536
0.954857
0.947293
1.00154
0.949835
0.903821
0.921529
0.886342
0.965878
1.00348
0.966374
0.917125
0.92577
0.982453
0.969967
1.02924
0.977869
0.927878
0.913988
0.910753
0.989954
1.02142
0.976882
0.480593
0.760793
0.824029
0.87003
0.983245
0.983345
0.936372
0.998803
1.03936
1.02616
0.94756
0.91089
0.969582
1.00712
0.9466
0.906087
0.926838
0.92911
0.915529
0.921253
0.958954
0.948541
0.902352
0.943548
0.860878
0.938109
0.924475
0.847058
1.03614
1.00131
1.0289
1.02099
0.910499
0.913595
1.01291
0.990557
0.934371
0.829118
0.907904
0.920166
0.930259
1.02876
0.940798
0.953034
0.892172
0.930147
0.929449
0.905229
0.910569
1.01425
0.978819
0.954001
1.01063
0.920399
0.904255
1.00297
0.990706
0.97521
0.994443
0.986492
0.995083
0.978477
0.993205
1.02526
1.00539
1.00051
1.00767
0.935239
0.9176
0.944494
1.01479
0.926135
0.955199
0.918842
0.913152
0.92905
0.915905
0.921458
0.93242
0.873476
0.899353
0.90738
0.850608
0.910514
0.910875
0.943436
0.912564
0.879342
0.827809
0.798954
0.81705
0.803491
1.05022
1.02357
0.94731
0.921888
0.862542
0.915087
0.878962
0.793676
0.816721
0.775906
0.813801
0.823666
0.90375
0.926366
0.899796
0.804483
0.788964
0.799219
0.809875
0.802382
0.815971
0.844199
0.890719
1.04461
0.987268
0.965246
0.477255
0.908575
0.835669
1.11513
0.978381
0.803816
0.809749
0.791679
0.824334
0.829423
0.785578
0.934499
0.932574
0.804387
0.804116
0.801177
0.832357
0.788691
0.818789
0.807715
0.964217
0.99246
0.948763
0.854334
0.805757
0.82186
0.852277
0.892425
0.904862
0.818309
0.825148
0.800814
0.89334
0.909558
0.923537
0.896267
0.785221
0.795018
0.894811
0.84927
0.873891
0.794114
0.808036
1.01199
0.983806
0.839517
0.819725
0.828544
0.814088
0.875026
0.922853
0.910834
0.873918
0.912119
0.917874
0.890986
0.918836
0.957872
0.86854
0.815366
0.789635
0.808986
0.85933
0.910256
0.893398
0.941605
1.02163
0.90667
0.877922
0.896727
0.86181
0.798046
0.796621
0.798558
0.793687
0.823808
0.800595
0.789715
0.803441
0.796494
0.856544
0.914865
0.931085
0.781653
0.802708
0.810671
0.891119
0.820483
0.819785
0.908912
0.999664
0.950495
0.899022
0.860428
0.923051
0.896848
0.867747
0.811517
0.778945
0.800506
0.803281
0.850934
0.89693
0.976282
0.900494
0.813049
0.800798
0.808571
0.799067
0.820373
0.880991
0.899359
0.877939
1.01906
0.918134
0.80462
0.81053
0.847477
0.836786
0.899357
0.487324
0.873643
0.816488
0.920782
0.911725
0.831195
0.814137
0.805247
0.909795
0.864809
0.836229
0.814271
0.808063
0.779198
0.808034
0.790372
0.883547
0.989966
1.00482
0.835653
0.689461
0.83394
0.959227
0.992786
0.956915
0.865102
0.810039
0.803533
0.805003
1.90632
2.62999
2.59678
2.53206
2.56467
2.46439
1.17838
1.20712
1.17757
1.2169
1.21602
1.18808
1.20199
1.19902
1.0394
0.924427
0.918156
0.907296
0.933555
1.01346
1.01841
0.959037
0.938983
0.90395
0.897954
0.931955
0.908647
0.930223
0.988596
1.01577
1.00343
1.00788
0.961804
0.853398
0.862877
0.99175
0.887828
0.809545
0.860082
1.00239
1.03405
0.961113
0.980156
0.922715
0.989595
0.970637
0.922157
0.89521
0.922784
0.888634
0.904698
0.977944
0.920335
0.878984
0.958497
0.914721
0.904718
0.894593
0.898748
0.873576
0.936593
0.977915
0.926408
0.950661
0.920357
0.855324
0.873122
0.97394
0.917932
0.854337
0.896412
0.9046
0.907061
0.89287
1.03667
0.929279
1.00694
0.920955
0.87028
0.830221
0.763969
0.852133
0.877577
0.881129
0.789769
0.787767
0.820421
0.879143
0.8839
0.871202
0.743278
0.908261
0.888203
1.00299
0.982247
0.949929
0.932757
2.4979
2.54682
2.57089
2.54877
2.55808
1.5848
1.08873
1.04625
1.10469
1.04519
1.08592
1.09066
1.12391
1.06062
1.1292
1.01195
1.00036
1.00682
0.954456
0.968098
1.04236
0.990107
0.931317
0.870681
0.936777
0.89094
0.849141
0.851758
0.904788
0.91137
0.871156
0.886338
0.876466
0.932596
0.893389
0.961916
0.948795
0.86209
0.741306
0.911969
0.922786
0.860041
0.901749
0.799518
0.944152
0.893115
0.907082
0.902406
0.874422
0.772081
0.89824
0.917236
0.906281
0.931742
0.91832
0.939471
0.925227
0.898816
0.900059
0.820552
0.779185
0.834541
0.875978
0.884475
0.882169
0.878296
0.931833
0.866149
0.889704
0.930631
0.880005
0.903791
0.912162
0.879592
0.843339
0.807266
0.826249
0.825028
0.884367
0.888594
0.799181
0.782942
0.767142
0.943003
0.950851
0.930942
0.89091
0.983762
1.01904
0.956955
0.785362
0.973782
0.889209
0.924573
0.904524
0.913296
0.939222
0.993436
0.918897
0.892491
0.909161
0.929054
0.88846
0.873712
0.896496
0.895481
0.889643
0.910216
0.868355
0.865009
0.78061
0.764672
0.840148
0.814604
0.927031
0.842162
0.882956
0.945384
0.882583
0.957612
0.993374
0.977201
0.993049
0.961822
0.985591
1.00673
0.863754
0.954406
0.948605
0.971224
0.922314
0.942162
0.913187
0.940583
0.874163
0.867774
0.774445
0.789198
0.856716
0.812252
0.863952
0.792159
0.874528
0.884398
0.806135
0.877103
0.891655
0.832242
0.840983
0.872506
0.908577
0.918199
0.909822
0.961858
0.892773
0.908427
0.899383
0.886488
0.888136
0.851621
0.793387
0.887679
0.906647
0.863863
0.914874
0.966576
0.893761
0.886394
0.893722
0.844334
0.873383
0.805189
0.924383
0.897541
0.807813
0.894033
0.824302
0.817462
0.836851
0.884617
0.867977
0.898074
0.876355
0.884855
0.901939
0.874721
0.895264
0.956205
0.897067
0.895934
0.887658
0.975214
0.899403
0.853014
0.90372
1.00399
0.915043
0.927675
0.978693
0.978644
0.999078
0.915105
0.918476
0.950065
0.918401
0.962562
0.969887
0.887935
0.885291
0.891526
0.792734
0.850957
0.907711
0.882381
0.873053
0.968023
0.945872
0.898948
0.967892
0.955349
0.975716
0.982306
0.854709
0.937414
0.89987
0.983594
0.951814
0.975965
1.05303
0.994847
0.970449
0.966689
0.959907
0.945823
0.985558
0.956749
1.00328
1.00269
0.935539
0.898253
0.885265
0.910709
0.867165
0.917904
0.894082
0.891522
0.953394
1.02751
0.908331
0.929412
0.92061
0.97667
0.952565
0.922104
0.992448
0.980662
0.913718
0.864812
0.859344
0.900614
0.891823
0.850734
0.973519
0.995387
0.986948
0.907188
0.901906
0.868702
0.878798
1.00781
0.8659
0.804633
0.843356
0.91146
0.901926
0.926531
0.910018
0.889964
0.902929
0.88912
0.469057
0.923595
0.885083
0.877018
0.928054
0.882165
0.899539
0.927807
0.972297
0.961579
0.856357
0.769504
0.93399
0.905143
0.909639
0.964685
0.87604
0.891942
0.891942
0.888453
0.883595
0.96284
1.00696
0.999934
0.951814
0.868566
0.941123
0.884558
0.900544
0.862688
0.963473
0.96107
0.915702
0.898179
0.891878
0.873561
0.91383
0.909938
0.880005
0.879433
0.894914
0.980651
0.899187
0.933709
0.863197
0.90381
0.874291
0.896508
0.890441
0.893016
0.90866
0.850569
0.948948
0.872397
0.906462
0.990184
1.01417
0.919338
0.897301
0.873389
0.883658
0.876611
0.871334
0.890263
0.917155
1.0005
0.914348
0.978092
0.921442
0.883818
1.01233
0.905721
0.888427
0.986638
0.972303
0.944958
0.860447
0.78473
0.840033
0.856114
0.885042
0.945282
0.950576
0.876793
0.892455
0.979525
0.920038
0.99584
0.940884
0.927465
0.8024
0.805384
0.877017
0.907166
0.884351
0.882454
0.898562
0.90383
0.8893
0.947556
0.980193
0.944326
0.881232
0.910341
0.855998
0.892152
0.990058
0.945524
0.917465
0.912709
0.886236
0.88632
0.959237
0.955528
0.906332
0.898348
0.881786
0.925791
0.876555
0.926051
0.978031
0.974908
0.941057
0.851185
0.863658
0.897466
0.91452
0.929039
0.908159
0.960117
0.895434
0.929016
0.915571
0.934222
0.943016
0.951675
0.989359
0.96522
0.920777
0.891267
0.863634
0.963977
0.909452
0.874998
0.888129
0.881844
0.994455
0.923138
0.921514
0.492737
0.95023
0.929113
0.936279
0.957135
0.954725
0.866717
0.903903
0.897815
0.89086
0.907301
0.887902
0.491178
0.980527
0.939009
1.01422
1.02093
0.978574
0.990665
0.94184
0.961516
0.890634
1.00461
0.934199
0.990781
0.958855
0.948165
0.981619
0.974308
0.964925
0.979808
0.940164
0.87658
0.905617
0.855134
0.896168
0.959151
0.907419
0.903173
0.873573
0.922728
0.882705
0.893231
0.875275
0.957133
0.991384
0.971118
0.936908
0.9092
0.921019
1.01042
0.911677
0.91637
0.879116
0.97546
0.950595
0.890913
0.919743
0.888387
0.894724
0.891519
0.891427
0.898348
0.87317
0.787559
0.790957
0.927071
0.889598
0.999477
0.972489
0.918419
0.870392
0.863519
0.824068
0.877046
0.87438
0.860704
0.892298
0.935859
0.974004
0.959819
1.00041
0.9505
0.95982
0.936474
0.926246
0.924703
0.982542
0.969105
0.87438
0.861433
0.883777
0.917519
0.971207
1.03393
0.945866
0.909179
0.865879
0.868443
0.880626
0.976333
0.966362
0.945077
0.885867
0.877152
0.79034
0.742738
0.877618
0.903881
0.907681
0.961339
1.00137
1.00451
0.979966
0.970632
0.95649
0.959039
0.990689
0.985366
0.962686
0.913133
0.898281
0.911497
0.908802
1.00377
0.952542
0.947147
0.968507
0.997958
0.505183
0.965532
1.00128
0.990817
1.05828
1.00465
0.957037
1.05114
0.972209
0.951243
0.96349
0.950645
0.963176
1.02959
0.971567
0.965081
0.970614
0.971485
0.959385
0.945298
0.957381
0.960077
0.948428
0.933116
0.916193
0.902441
0.992737
0.998053
1.01424
0.940033
0.924774
0.924249
0.875181
0.923593
0.903489
0.951549
0.974597
0.978778
0.947176
0.894713
0.873809
0.898714
0.908216
0.919846
0.901614
1.07232
0.935369
0.95725
0.901458
0.914265
0.960268
0.964494
0.922403
0.8545
2.01466
0.932207
0.890628
0.920099
0.966352
0.953285
0.899258
0.896729
0.69789
0.92934
0.985097
0.945118
0.985198
0.922613
0.953634
0.904828
0.902189
0.910641
0.874249
0.824674
0.883436
0.904534
1.25114
1.01345
0.881948
0.914109
0.913132
0.862287
0.92894
0.925692
0.999611
1.08112
1.02169
0.961541
0.922858
0.936554
0.917027
0.960043
0.891849
0.898076
0.884975
0.911037
0.901292
0.949322
1.05399
1.0152
0.975034
0.970233
1.00324
0.972167
0.978033
0.952901
0.980846
0.998138
0.998906
0.98383
0.919612
1.04162
0.875532
0.900702
0.913072
0.882754
0.885291
0.85983
0.91575
0.951258
0.864639
0.901242
0.898336
0.895797
0.870316
0.889943
0.906726
0.953812
0.921071
0.963481
0.961792
0.93503
0.875155
0.797457
0.777795
0.775372
0.78844
0.881318
0.882243
0.877249
0.904628
0.984965
0.965344
0.892237
0.97099
0.885943
0.893309
0.90406
0.904727
0.883984
0.879183
0.869388
0.919779
0.894217
0.854954
0.899509
0.885171
0.890999
0.855245
0.797136
0.917344
0.886051
0.871841
0.987058
0.999937
0.90496
0.882034
0.882438
0.91886
0.872231
0.911552
0.898831
0.970313
0.979946
0.963126
0.991783
0.884569
0.9478
0.949954
0.93925
0.882393
0.999879
0.935275
0.961914
0.968834
0.947665
0.935345
0.878947
0.876675
0.984305
0.87546
0.890536
0.926041
0.999493
0.903469
0.967567
0.871122
0.922778
0.916206
0.875157
1.00164
0.938656
0.92456
0.902513
0.88183
0.999082
0.992272
0.97997
0.926532
0.980182
0.942611
0.960594
0.987313
0.96132
0.92805
0.983409
0.973104
0.950714
0.971983
0.985307
0.929095
0.907715
0.977848
0.994011
0.979431
0.922931
0.901486
0.975186
0.977752
0.958852
0.944006
0.839928
0.823357
0.8602
0.87604
0.982913
0.907124
0.922098
0.980208
2.44334
2.57319
2.54333
2.43213
1.27544
1.2606
1.24482
1.25318
1.24207
1.29639
1.25878
3.58626
0.915339
0.890027
0.789488
0.805255
0.917703
0.886598
0.915829
0.930241
0.962259
0.892916
0.928683
0.879119
0.877583
0.881323
0.903933
0.880789
0.913904
0.881026
0.883367
0.906301
0.943244
0.90096
0.89355
0.88094
0.884701
0.845912
0.956556
0.925381
0.955064
0.974148
0.87118
0.900932
0.843992
0.862506
0.881907
0.880207
0.840152
0.898165
0.883467
0.934734
0.987599
0.976174
0.885987
1.01321
0.934924
0.882097
0.896445
0.950289
0.979194
1.03506
0.989264
1.00298
0.980353
0.980412
0.968294
0.951658
0.954047
0.967556
0.998756
0.937009
0.980442
0.955206
0.954083
0.947988
0.895337
0.879524
0.889118
0.880263
0.887317
0.884502
0.887928
0.932018
0.949507
0.896406
0.885065
0.890133
0.925261
0.948623
0.889456
0.907345
0.91034
0.889407
0.921103
0.939705
0.967735
0.882709
0.901178
0.940917
0.925544
0.863323
0.929425
0.96432
0.960976
0.96096
0.910205
0.940471
0.886225
0.914391
0.861469
0.806308
0.92766
0.878028
0.893056
0.88936
0.937837
0.900613
0.89728
0.877622
0.880862
0.905067
0.896342
0.974995
0.928326
0.894981
0.906865
0.880755
0.895269
0.932267
0.898031
0.90422
0.76369
0.885269
0.908782
0.899335
0.945783
0.90865
0.971589
0.969018
1.00625
0.882705
0.91055
0.879818
0.967054
0.938356
0.880079
0.913559
0.893167
0.986903
0.861378
0.941299
0.881042
0.985162
0.938198
0.968794
0.980342
0.964429
0.889897
0.898902
0.891386
0.973948
0.97699
0.947847
0.870734
0.859542
0.959469
0.997485
0.978366
1.06391
0.93604
0.968985
0.972334
0.958154
0.975226
0.962857
0.936533
0.961767
0.946351
0.897196
0.933718
0.984462
0.95024
0.917283
0.896131
0.868139
0.916754
0.960229
0.962589
0.870105
0.879118
0.948657
0.963977
0.876269
0.976057
0.932177
0.901067
0.805526
0.855754
0.89688
0.884802
0.961918
0.944862
0.915619
0.892159
0.889445
0.880294
0.903644
0.901905
0.905474
0.875841
0.890358
0.8761
0.975105
0.948754
0.880999
0.881475
0.832655
0.894051
1.00202
0.89155
0.909759
0.88723
0.937149
0.994071
0.998219
0.954985
0.934497
0.923999
0.804868
0.766887
0.765006
0.877297
0.880701
0.915125
0.958456
0.893177
0.92123
0.885428
0.912758
0.880912
0.811606
0.905869
0.898882
0.908456
1.01043
0.950918
0.876759
0.872074
0.927195
0.907096
0.920248
0.946418
0.968027
0.910729
0.888459
0.886287
0.961609
0.887914
0.789884
0.937004
0.899948
0.88744
0.901794
0.886154
0.852919
0.903643
0.990492
0.954379
0.881408
0.942376
3.15198
0.917757
0.890342
1.01565
0.986767
0.982206
0.958972
0.993422
0.955252
0.900223
0.899732
0.959272
0.977377
1.02061
0.917308
0.909567
0.966793
0.927558
0.937733
0.874135
0.806983
0.785849
0.879111
0.875697
0.910128
0.931389
0.894021
0.964779
0.869609
0.818903
0.947694
0.911418
0.891454
0.889208
0.890181
0.889252
0.452877
0.934186
0.944386
0.947299
0.87867
0.746015
0.905672
0.891176
0.740433
1.00473
0.931069
0.835722
0.877026
0.961493
0.957311
0.88504
0.932655
0.889641
0.795671
0.749613
0.771214
0.824346
0.940161
0.968028
0.866469
0.852536
0.869699
0.928775
0.968211
0.92377
0.845114
0.880484
0.906514
0.898626
0.903403
0.893625
0.877322
0.862071
0.886594
0.888457
0.914485
0.929421
0.97081
0.949549
0.886712
0.898754
0.896537
0.982647
0.94356
0.922876
0.887166
0.872901
0.864916
0.851651
0.89539
0.889287
0.950898
0.923664
0.907168
0.885827
0.855182
0.986834
0.919531
0.82275
0.765246
0.889275
0.898572
0.819461
0.901728
0.902425
0.907221
0.942356
0.945933
0.908653
0.89481
0.988521
0.932475
1.03375
1.06872
0.984705
1.01262
0.973662
0.99638
0.9453
0.941866
0.953282
0.981219
0.989751
0.971304
1.00809
0.975875
0.997853
0.966433
0.973051
0.940066
0.990506
0.999882
0.965597
0.518618
1.01027
1.05499
0.989508
0.985595
0.939179
0.908738
0.771822
0.992019
0.969226
0.945855
0.98588
0.98722
0.965065
0.953563
0.914659
0.883518
0.934888
0.885249
0.896198
0.878138
0.850574
0.996921
0.99435
1.02547
0.896256
0.897349
0.879202
0.887097
0.834542
0.880719
0.876124
0.908315
0.941922
0.865562
0.915724
0.931399
0.938432
0.979498
0.883508
0.961722
0.958929
0.881898
0.881806
0.835744
0.948115
0.98396
0.940686
0.963917
0.956209
0.88231
0.88389
0.881376
0.925969
0.957162
0.971256
1.05575
0.95456
0.929018
0.968633
0.932553
0.948421
0.982769
0.969783
0.873387
0.951593
0.97945
1.02382
0.940404
0.976233
0.959217
0.963552
0.945292
0.951904
0.905204
0.937003
0.969974
0.511898
1.47421
0.947309
0.988869
0.949605
1.03665
0.976577
0.981775
1.03714
0.961587
0.94757
0.969665
0.969209
0.958791
0.957205
0.994856
0.95617
0.963438
0.937234
0.917651
0.993577
1.01412
0.92771
0.964272
0.94858
0.984502
0.973175
0.960421
0.893624
0.933225
0.97534
0.500001
1.02524
1.0169
0.963079
0.92318
0.867513
0.874002
0.925125
1.01536
0.977085
0.969188
0.899831
0.923436
0.92315
0.884155
0.873389
0.998133
0.978375
0.918986
0.848513
0.949392
0.966871
0.923487
0.963189
0.948815
0.951239
0.937967
1.06736
0.984728
0.964167
0.961864
0.987809
0.95885
0.972553
0.942936
0.984638
0.889425
0.87815
0.917186
0.979653
0.955837
0.951403
0.96312
0.993282
0.947115
0.963951
0.964833
0.931925
1.0157
0.96328
0.923383
0.969111
0.97834
0.915955
1.06712
0.987079
0.96505
0.968728
0.964458
1.03309
0.924514
0.972748
1.19907
0.975587
0.985045
0.979766
0.934594
0.877808
0.911432
0.882904
0.964686
0.930058
0.981781
1.00172
0.971931
0.980681
0.979818
0.968092
0.960381
1.00362
0.983721
0.986807
0.961066
1.03893
1.01905
1.01857
1.03945
1.01896
1.02887
0.989968
0.978083
0.959922
1.01625
1.03248
1.03119
0.983109
0.997307
0.985718
0.993111
0.999096
0.968172
0.974655
1.00393
1.02991
1.02394
0.979325
1.00466
0.977418
1.00109
0.98473
1.0064
0.960739
0.990329
0.994766
0.954718
0.979843
0.970724
0.923821
0.906793
0.923727
0.838738
0.828947
0.827016
0.927087
0.942089
0.97739
0.924164
0.902377
0.932384
0.937267
0.940167
0.941053
0.960089
0.930224
0.946674
0.955537
0.936737
0.935651
0.974533
0.953715
0.945863
0.918943
0.9446
0.903373
0.970147
0.946049
0.944472
0.969414
0.911145
0.941547
0.933227
0.950906
0.922248
0.955416
0.868232
0.94373
0.945088
0.91592
0.969643
0.970801
0.916199
0.869589
0.962132
0.956375
0.947092
0.942177
0.953525
