8.03372
3.00006
3.34808
2.94809
2.53654
2.55194
1.24695
1.2503
1.22633
1.20892
1.1888
1.20636
1.1746
1.18335
1.08165
1.00455
0.98791
1.00544
0.946611
0.992091
0.964498
0.977502
0.957331
0.951179
0.972688
0.975597
0.959527
1.87695
2.57239
2.53095
1.95197
1.60092
2.5279
2.55124
2.39336
1.59903
2.05177
1.60324
1.5868
1.63096
1.59905
1.16248
0.93765
0.956345
0.974378
0.952222
0.951277
2.30763
2.13396
2.53701
2.46875
2.52137
2.46508
1.19364
1.13538
1.13212
1.12207
1.16033
1.16257
1.12662
1.14366
1.10886
0.963225
0.92605
0.936087
0.964089
0.962045
0.914312
0.965016
0.947994
0.944607
0.946522
0.941242
0.95109
0.951785
0.965072
0.999102
1.08887
0.97113
0.988541
0.995684
0.974191
0.962303
0.987669
0.976412
1.00907
1.00115
0.958685
0.940312
0.946763
0.950695
1.04977
0.958345
0.991815
0.983789
0.971918
0.969777
1.0011
1.01241
0.951815
0.971095
0.956946
0.998847
1.00895
1.00044
0.989972
0.97505
0.974995
0.95513
0.935419
0.940627
0.951734
0.950596
0.949987
0.955694
0.946251
0.964878
0.95917
0.95015
1.03258
0.973954
0.99242
0.976206
0.99826
0.977822
0.973369
0.977322
0.949246
0.960272
0.975205
0.943973
0.931761
0.951295
0.963897
0.944557
0.966065
0.996818
0.988464
0.968412
1.00316
0.987604
0.973256
0.942109
0.95688
0.973522
0.939726
0.958665
0.987055
0.943204
0.99651
0.980542
0.967105
0.983915
0.964937
0.981642
0.967428
0.940547
0.972207
0.986877
0.986233
0.976132
0.987309
1.01412
0.952282
0.98345
0.999989
0.952913
0.994201
1.00327
1.01709
0.94688
0.959453
1.00086
1.01933
0.99622
0.957127
0.976404
0.996096
0.945639
0.943265
0.942438
0.945421
0.972044
0.979583
0.973857
0.94803
0.941943
0.952743
1.01326
1.01978
0.985294
0.967041
0.966924
0.975089
0.986346
0.973916
0.991144
0.998882
0.973259
0.985039
1.22732
1.049
2.57771
1.06252
0.975777
0.983864
0.960778
1.26369
1.06132
0.960193
0.960126
1.01933
0.983636
0.981544
0.941061
0.971623
0.943866
0.969301
0.926536
0.943276
0.919824
0.914494
0.916656
0.925454
0.916641
0.955322
0.935502
0.928644
1.16999
2.14513
2.11053
1.73606
1.55115
1.54821
1.56868
1.56926
1.53538
1.46519
0.921221
0.929612
0.90548
0.95035
0.944653
0.935579
0.953414
0.920853
1.06364
1.38734
1.66756
1.64533
1.61822
1.63643
1.69103
1.54776
0.926129
0.94123
0.991969
0.991669
1.01438
0.969957
0.975397
0.991937
0.971205
0.990306
0.980884
0.959518
1.00253
0.992864
1.00425
0.983292
0.97528
0.965591
0.997125
0.981696
0.969745
0.970569
1.01105
0.978948
0.997219
1.01357
0.953893
0.982306
0.981951
0.947402
0.969727
0.984089
1.00212
0.970999
1.00937
0.991218
2.30436
2.5115
2.22547
2.27237
2.27017
2.24479
1.74174
0.98216
1.01093
0.955396
1.70968
2.31283
2.29557
1.77835
1.67892
1.71455
1.72183
1.65857
1.63774
0.947213
0.926738
0.945697
0.928429
0.913808
0.918735
0.945051
0.921356
0.954445
0.932573
0.916256
0.951564
0.960543
0.966424
0.958948
0.946064
0.935053
0.933806
0.92065
0.939305
0.9397
0.960611
0.95596
0.951826
0.969435
0.977225
0.975062
0.959888
0.947973
0.964256
0.954698
0.948129
1.29702
2.63302
2.5916
2.62955
1.64895
1.27405
1.27434
1.29059
1.27451
1.23731
1.28272
1.27049
1.07863
0.970808
0.95086
0.962738
0.938222
0.938122
0.954253
0.948727
0.940953
0.970826
0.93253
0.948297
0.962122
0.978083
0.942187
0.951351
0.951079
0.962068
0.943753
0.991189
0.950011
0.949393
0.922335
0.946075
0.914623
0.94034
0.952434
0.950817
0.949404
0.934223
0.959064
0.95887
0.954297
0.95917
0.963579
0.957787
0.947647
0.969665
0.959704
0.963015
0.950999
0.946376
0.938323
0.944199
0.947444
0.970712
0.946753
0.945552
0.960408
1.00114
0.951092
0.972224
0.950906
0.958447
0.9546
0.921958
0.962895
0.946578
0.954668
0.947026
0.96317
0.943249
0.962638
0.957557
0.95937
0.963624
0.944981
0.962971
0.951066
0.964191
0.961836
0.946885
0.917748
0.949351
0.950778
0.942377
0.941556
0.949106
0.969864
0.963072
0.933539
0.950534
0.9273
0.946694
0.937851
0.948045
0.948915
0.955029
0.947168
0.966859
0.943559
0.936938
0.970431
0.9354
0.951979
0.953267
0.956014
0.946656
0.952457
0.945553
0.949109
0.970664
0.937619
0.951165
0.958516
0.926109
0.934824
0.947438
0.950345
0.941517
0.947132
0.941359
0.940486
0.959193
0.927884
0.955813
0.952459
0.967902
0.979606
0.958644
0.976485
0.948695
0.941816
0.979634
0.918865
0.93202
0.930111
0.937839
0.925606
0.946362
0.94893
0.94526
0.931339
0.950994
0.957441
0.941614
0.942366
0.953471
0.971912
0.947998
0.965213
0.950391
0.966462
0.964772
0.943934
0.935821
0.941961
0.957572
0.941457
0.943424
0.963999
0.947437
0.945951
0.94228
0.959425
0.950105
0.948249
0.978755
0.947899
0.947939
0.969265
0.933323
0.957501
0.93367
0.962554
0.95378
0.953776
0.949088
0.953184
0.967055
0.967283
0.960872
0.966867
0.957788
0.936711
0.929421
0.956381
0.943366
0.932528
0.954714
0.927059
0.953631
0.974249
0.950644
0.938152
0.953471
0.946792
0.956635
0.955639
0.929747
0.955139
0.946416
0.942201
0.959195
0.954632
0.936511
0.949398
0.934411
0.975379
0.938969
0.938733
0.946082
0.932437
0.943889
1.1806
1.15212
0.989758
1.00994
1.00173
1.02277
1.00574
0.970584
0.979634
0.96853
1.00337
0.987293
1.31895
1.30533
1.32241
1.33761
1.36547
1.35283
1.32728
2.59603
1.3021
1.01045
0.98812
0.999196
1.02487
1.2623
1.28256
1.25748
1.28903
1.27501
1.23851
1.29303
1.25473
1.29073
1.26461
1.26426
1.24851
2.3258
2.77798
2.7443
2.6855
1.52015
1.40128
1.34934
1.35667
1.27116
1.31691
1.31936
1.31822
1.14226
0.982495
0.971585
0.96632
0.977607
0.97424
0.961224
0.998035
0.982866
0.952351
0.966554
0.998146
1.18464
1.11532
1.16799
1.23035
1.39952
1.67954
1.2976
1.22737
0.954873
1.77641
2.49406
2.51357
1.63794
1.32693
1.34433
1.32742
1.32305
1.32054
1.302
1.17299
0.931386
0.933498
0.983224
0.939301
0.927517
0.963705
0.991702
0.941485
0.936918
0.942415
0.943133
0.948121
0.940006
0.916537
0.922474
1.30258
1.21659
1.27476
1.23617
1.05297
0.93822
0.907189
0.944077
0.972434
0.917463
0.944371
0.934304
0.936898
0.954914
0.950353
0.960279
0.961124
0.942028
0.944637
0.935528
0.95607
0.937708
0.919545
0.940701
1.9773
0.963881
0.94314
1.00417
0.92687
0.940116
0.941609
0.935806
0.93321
0.910787
0.958944
0.954192
0.917254
0.94666
0.92949
0.93974
0.939287
0.999334
0.941214
0.93706
0.936978
0.925451
0.953224
0.911928
0.932786
0.972082
0.937826
0.922434
0.942898
0.929493
0.916347
0.922528
0.920602
0.920212
0.941345
0.924798
0.938352
0.925411
0.919899
0.952077
0.927472
0.973562
0.969711
0.933403
0.940539
0.945188
0.92273
0.931925
0.931009
0.913103
0.96669
0.98189
0.984312
0.967044
0.948376
1.02355
1.00111
0.966811
0.981146
1.0372
0.993851
0.958685
0.935691
0.91887
0.967541
1.53932
1.34235
1.28532
1.25074
1.25091
1.24244
1.17101
1.00055
0.950178
0.978926
0.964813
0.949175
0.935731
0.976651
0.946961
0.943196
0.95455
0.945997
0.955879
0.949861
0.966579
0.962719
0.966609
0.932674
0.961263
0.948322
0.926732
0.938607
0.924963
0.937688
0.931311
0.946235
0.954832
0.951899
0.949569
0.960641
0.945223
0.948418
0.962508
0.952128
0.951115
0.947858
0.949924
0.98605
0.971297
2.03292
0.976523
0.964931
0.949427
0.941864
0.94848
0.961916
0.957698
0.93629
0.921291
0.921962
0.951304
0.958072
0.951911
0.943109
0.967068
0.949744
0.933763
0.943589
0.934776
0.935239
0.935526
0.969766
0.944778
0.93979
0.929075
0.952339
0.947408
0.961141
0.945103
0.947905
0.953089
0.975755
0.943482
0.936939
0.967709
0.954342
0.937543
0.955439
0.941226
0.948624
0.960269
0.959343
0.951756
0.94489
0.950296
0.954511
0.951746
0.964198
0.949563
0.946334
0.938372
0.949729
0.96855
0.929154
0.959653
0.964694
0.960927
0.944767
0.937783
0.959017
0.944487
0.956268
0.97123
0.980816
0.949092
0.959294
0.938995
0.9722
0.938331
0.933111
0.9753
0.961069
0.944443
0.968778
0.963947
0.954001
0.946866
0.957661
1.24883
1.35227
1.34582
1.39391
1.35076
1.36671
0.941681
0.928374
0.941155
0.932514
0.956667
0.945
0.945657
0.93055
0.944494
0.938132
0.960153
0.951259
0.931107
0.945405
0.921558
0.925782
0.936733
0.972643
0.948512
0.95293
0.937695
0.937202
0.952974
0.950916
0.942136
0.943714
0.919785
0.939264
0.951043
0.941243
0.947699
0.920841
0.946161
0.929201
0.942585
0.941051
0.943488
0.918321
0.929214
0.961814
0.930806
0.939304
0.949495
0.931184
0.943203
0.943757
0.939458
0.910166
0.929835
0.910915
0.925586
0.915596
0.959082
0.968374
0.941075
0.957375
0.933528
0.929026
0.96047
0.941164
0.933977
0.938749
0.913185
0.910812
0.945712
0.917406
0.956153
0.914766
0.911306
0.952559
0.923796
0.928554
0.914473
0.928293
0.934007
0.954357
0.947165
0.951468
0.928697
0.939084
0.960352
0.928262
0.944892
0.977817
0.945123
1.2957
1.30383
1.24104
1.26261
1.26728
1.35668
1.73319
1.71511
1.82129
1.79353
1.79776
1.41133
1.83594
1.29741
3.31445
0.97491
0.986872
0.910139
0.931642
0.925985
0.919128
0.924073
0.938236
0.942908
0.968313
0.92185
0.940582
0.950667
0.95581
0.940542
0.975764
1.09672
0.967511
0.946755
1.00467
0.947755
0.950757
0.981188
0.949995
0.937911
0.944736
0.957301
0.967972
0.958143
0.940385
0.915078
0.932949
0.922913
0.954875
0.94222
0.932237
0.922587
0.968184
1.38107
1.73718
1.73507
1.73569
1.66928
1.70283
1.01793
0.997949
1.02615
0.987824
1.0079
0.987113
0.973163
0.983596
0.981264
0.973802
0.971288
1.00782
0.985574
0.979059
0.972895
0.974677
0.983239
1.28726
2.75239
2.80008
2.79243
2.67527
1.48362
1.07534
1.13502
1.14487
1.16303
1.12909
1.13101
1.12734
2.3836
2.57151
2.50762
2.54421
1.4261
1.17988
1.15958
1.20927
1.19956
1.17039
1.20911
1.17733
4.61773
0.966404
0.978822
0.993945
0.937124
0.974713
0.962709
0.973736
1.07475
1.01766
0.995075
1.06977
0.99797
0.983276
0.967623
1.28316
1.27263
1.3183
1.27818
1.30657
1.27016
1.26745
1.26917
1.26426
1.25748
1.29774
1.24441
1.31902
1.33245
1.27319
1.28405
1.26015
1.29266
1.32018
1.25974
1.29114
1.2731
1.16699
1.16139
1.193
1.1722
1.22235
1.20755
1.17286
1.19684
1.17364
1.16068
1.16537
1.16583
1.21981
1.24558
1.21447
1.14326
1.1576
1.2001
1.20371
1.16814
1.18129
1.19493
1.2686
1.20577
1.20688
1.2223
1.19767
1.23935
1.26125
1.25721
1.28085
1.27495
1.21117
1.25799
1.22156
1.23509
1.26104
1.25749
1.26572
1.33616
1.22569
1.21659
1.23514
1.2215
1.24413
1.24629
1.2957
5.2522
1.22129
1.2371
1.33468
1.25654
1.2277
1.25404
1.22551
1.27256
1.26442
1.24429
1.30634
1.27878
1.22531
1.24813
1.24247
1.3277
1.36807
2.65537
2.59044
2.43104
2.47862
1.22846
1.12525
1.1471
1.13283
1.16285
1.12035
1.14154
1.14958
1.08186
0.951421
0.949336
0.971718
0.985405
0.962199
0.954863
0.938719
0.941718
0.950965
0.926517
0.965339
0.983663
0.978345
0.962435
0.99723
0.960495
0.954
0.960599
0.972181
0.951287
0.962501
0.950603
0.981827
0.959732
1.00668
0.998915
0.992093
0.997067
0.969507
0.976264
1.01011
1.00979
1.00959
0.996788
0.984448
0.960886
0.951766
0.95631
0.966168
0.989029
0.962536
0.973803
0.959748
0.947648
1.01002
1.03287
0.99763
0.981483
1.00988
1.00561
1.0082
0.990669
1.16769
0.994322
0.997134
1.0406
1.00911
0.997707
0.994877
0.972958
3.99789
1.12854
0.984067
1.01543
1.03501
1.01014
0.972492
1.03619
1.10365
1.02873
1.04134
0.973887
1.00249
0.997172
1.00062
0.998435
0.995368
1.02968
0.970952
1.009
1.01089
1.00844
1.00162
0.988662
1.03541
1.01169
1.00821
0.993664
0.989407
0.989509
0.97784
0.952311
0.958922
0.967377
0.964988
0.94174
0.991803
0.994337
0.990961
1.04519
0.994617
1.04557
1.00859
0.983536
0.963775
1.03473
0.991467
0.974264
0.963784
0.94843
0.93559
0.942237
0.914565
0.903917
0.95638
0.953696
0.965522
0.947211
0.950287
0.941727
0.974708
1.05694
0.999216
0.953775
0.944766
0.965356
0.990236
0.944919
1.02417
1.00671
1.012
1.01222
0.988363
1.01643
0.98076
0.98794
0.966915
0.981076
0.99831
0.988779
1.00776
0.991741
0.998888
1.00779
0.995138
0.956154
0.974921
0.997075
1.00015
0.997137
0.990295
1.01449
0.959981
0.92627
0.891069
0.92062
0.881367
0.890002
0.881011
0.924505
0.8853
0.964308
0.988078
0.994787
0.948618
0.93439
0.948588
0.915525
0.897304
0.946267
0.935325
0.944235
0.968253
0.950416
0.946168
0.924014
0.955157
2.58149
1.0108
0.982551
0.981922
1.01433
0.975546
0.975128
0.954852
0.928723
0.937991
0.921285
1.02054
0.99454
0.970341
0.984099
0.975699
0.986614
0.995942
0.992646
0.96858
0.973073
0.997155
0.995703
0.984071
0.998761
1.02747
0.991376
0.979147
0.994288
1.00086
0.998315
0.989209
0.994071
0.99349
0.999535
0.984518
0.993909
1.00794
1.00959
0.989714
0.967096
0.953983
0.958913
1.00755
0.976607
1.02833
1.00192
1.0394
0.989263
1.02842
0.999493
0.997087
1.01094
0.983847
0.987806
1.00622
0.974108
1.04367
1.01837
1.01874
0.978955
1.01206
0.962284
0.99027
1.00902
1.05974
1.00506
1.00346
0.963366
0.970479
0.999574
0.973355
0.994426
1.00511
0.998375
0.982762
1.00699
0.990636
0.966087
0.997514
2.32606
2.57031
2.51197
2.56424
2.42205
1.06186
1.06876
1.07145
1.07684
1.07725
1.06866
1.0364
1.01891
1.07615
1.02692
0.960137
0.976327
0.989581
1.0201
0.993394
0.978858
0.965074
0.995304
0.986178
0.994243
1.00479
0.992527
0.979587
0.959122
0.996451
0.967726
0.985251
0.988217
0.981339
0.980447
0.969654
0.988547
0.961928
0.974353
0.955211
0.941391
0.963071
0.943575
0.986343
0.980322
1.02971
0.978805
0.96402
0.998056
0.97549
0.961492
0.972208
0.990959
0.952191
0.950427
0.952775
0.953017
1.00796
0.993657
0.952501
0.956706
0.97162
0.972561
0.995989
0.973628
0.952796
1.13651
1.75787
1.66992
1.51405
0.933005
0.915234
0.9167
0.912725
0.935549
0.933497
0.954336
0.977315
0.959066
0.917936
0.923206
0.890775
0.927552
0.942014
0.942747
0.942619
0.947462
0.933719
0.929971
0.901739
0.903205
0.922936
0.915765
0.939488
0.916236
0.901785
0.907154
0.953406
0.941978
0.950588
0.941682
0.968943
0.986967
0.942887
0.955937
0.961754
0.946373
0.946957
0.917111
0.907746
0.968234
0.900905
0.921674
0.911727
0.903038
0.908416
0.934755
0.920423
0.919875
0.972552
0.954947
0.946199
0.91251
0.904212
0.918464
0.94718
0.947418
0.952133
0.926759
0.959778
0.956173
0.919626
0.926126
0.936138
0.888289
0.912663
0.910827
0.912071
0.957659
0.947483
0.962871
0.966715
0.947124
0.93375
0.898607
0.915282
0.928651
0.927675
0.945437
1.25617
1.19136
1.1783
1.23406
1.18792
1.21361
1.2201
1.16871
0.937621
0.917696
0.907385
0.964667
0.94959
0.922892
0.94757
0.936148
0.920769
0.959658
0.957639
0.956581
0.972786
0.910623
0.911556
0.921606
0.929689
0.906377
0.914516
0.959614
0.970395
0.9452
0.916778
0.948749
0.942924
0.95417
0.963086
0.933803
0.963568
0.931564
0.909133
0.921473
0.924507
0.949801
0.991056
0.958562
0.895103
0.91114
0.93114
0.922781
0.948858
0.905249
0.905849
0.937949
0.947086
0.951613
0.999168
0.962202
0.951314
0.925752
0.920849
0.949179
0.974486
0.97289
0.975757
0.950056
0.966168
2.58931
2.5095
2.14873
1.66823
1.71655
1.68078
1.65416
1.66264
1.36671
0.983152
0.947293
0.960952
0.923406
0.926714
0.965994
0.981697
0.950375
0.954068
0.968397
0.946922
0.956728
0.949421
0.967079
0.941067
0.946061
0.955718
0.949012
0.945564
0.955232
0.965838
0.945625
0.955719
0.93606
0.952477
0.951993
0.91151
0.9251
0.907001
0.921485
0.957539
0.962165
0.950645
0.954332
0.950233
0.963376
0.955277
0.915769
0.91664
0.94998
0.941482
0.948982
0.967342
0.912515
0.963873
1.71049
1.65547
1.67588
1.62598
1.16974
1.13413
1.11201
1.11128
1.08835
1.13164
1.1144
1.10595
1.09182
0.969167
0.959122
0.961398
0.955297
0.956959
0.945761
0.953588
0.941784
0.963628
0.953095
0.935254
0.961956
0.939435
0.951453
0.946221
0.95144
0.950365
0.956449
0.952825
0.939142
0.955127
0.956579
0.944512
0.96799
0.956219
0.960555
0.900953
0.907917
0.929165
0.903683
0.955734
0.951867
0.935331
0.94256
0.992521
0.992762
1.01138
0.938068
0.93807
0.941821
1.03914
0.979155
1.085
0.970251
0.957584
2.61444
2.49076
2.50876
1.6385
1.70958
1.70761
1.6647
1.82679
1.63444
0.997934
0.983756
0.990937
0.958485
0.96519
0.984943
0.96016
0.984346
0.959467
0.962243
1.00075
0.975727
1.18884
0.993489
1.01449
0.982718
0.983279
0.984843
0.953481
0.981841
0.957504
0.97371
0.98685
0.991902
0.983116
1.01753
0.98958
0.988005
0.971437
0.960464
1.20351
0.988306
0.990745
0.979725
0.979388
0.986415
0.950581
0.967222
0.956531
0.964607
0.971127
1.00615
0.988261
0.987844
1.00571
0.99208
1.00841
1.00508
0.998482
0.98349
0.989764
0.990851
1.00855
1.00207
0.977887
0.978949
0.965485
1.03363
1.01172
1.00496
0.979835
1.0182
1.01505
1.02519
1.03683
1.00609
0.961865
0.983001
0.977941
0.957347
0.974318
0.997756
0.982758
0.972465
0.977425
1.02364
0.97944
1.01027
0.978602
0.998849
0.984673
0.982555
1.00036
1.01388
0.989504
0.984799
1.0077
0.988734
0.978854
0.983319
0.973801
0.991545
0.99202
1.02088
0.970949
0.997754
0.992651
0.996441
0.986521
0.98027
0.967151
0.961351
0.968617
1.013
0.980067
0.989134
0.96428
0.978544
0.994742
0.968668
0.995023
0.983787
0.97589
0.960306
0.994797
0.964034
0.949029
1.01131
0.987293
0.988371
0.97236
0.980212
0.970417
0.980156
0.968541
0.972562
0.969978
0.993166
0.989467
0.948577
0.976208
0.980643
0.98178
0.967848
0.981094
0.976931
1.00177
0.97214
0.9891
0.975146
1.00526
1.05874
1.03791
1.04773
1.00597
1.0045
1.0011
0.9876
1.00634
0.977384
0.939734
1.02754
0.995007
0.993243
0.979404
0.981884
0.969472
0.973987
0.990991
1.01108
1.00293
0.971657
0.985157
0.993358
0.987915
0.964548
0.98175
0.960902
0.997239
0.972925
1.00363
0.992329
0.97921
0.949177
1.00295
0.984967
0.97526
0.976777
0.984463
0.996803
0.936353
0.93392
0.936453
0.960139
0.968003
0.991478
0.964547
0.980747
0.986594
0.972915
0.970152
0.979931
0.966654
0.980501
0.98921
0.973175
0.961851
1.00842
0.974547
0.963494
0.978881
0.989466
0.981038
0.962662
0.988677
0.980925
0.974979
0.981489
0.98977
0.959656
0.981379
0.978692
1.32685
2.61514
2.52249
2.48071
1.5603
1.30798
1.35719
1.35247
1.29978
1.35262
1.35121
1.10957
0.859392
0.984413
0.94086
0.914525
0.89786
0.901299
0.811908
0.800339
0.844612
0.867402
0.890398
