9.17298
6.82107
4.03585
3.47928
4.57954
4.25826
6.37952
5.51999
4.72489
5.31175
5.15545
5.58825
3.92959
4.90342
4.05714
2.41525
3.23886
4.18944
2.88178
3.14634
2.60537
2.09585
2.15232
2.32773
40.9374
5.54603
4.56811
3.56887
3.2708
2.57016
2.37735
3.3164
4.3541
7.94697
6.40236
3.76464
6.39428
4.00719
5.7881
3.55184
3.14396
5.11383
7.99306
5.60031
5.45868
3.54932
53.524
6.7182
5.63554
8.53691
7.42099
5.96734
4.94947
5.49952
5.21886
5.78251
6.92288
6.73117
7.06897
6.8686
4.723
4.99235
8.94999
6.74954
6.34338
6.46413
7.26608
3.03287
3.15592
5.76512
8.33181
7.1384
5.43704
3.9492
3.92628
3.36457
4.05143
3.35305
2.33407
2.51585
1.7145
3.79513
3.45747
3.38562
2.41202
2.67095
4.65762
2.5594
1.82336
2.02048
65.4081
7.44055
7.72654
7.61664
6.17617
5.74805
5.51352
3.33616
7.07191
5.26814
7.8516
7.73963
4.92455
4.16243
4.6832
6.53083
6.84548
7.12969
3.00872
3.29837
3.38275
3.64872
3.05768
29.2263
9.68401
8.19084
6.66097
7.146
4.95634
8.4938
9.31642
5.80345
5.55491
6.89155
6.63464
5.74558
4.58138
7.01983
6.59291
5.0043
5.83066
4.89944
4.55513
3.97876
7.59849
7.26341
60.5487
6.56843
8.24597
7.10011
7.97502
8.34221
7.2112
6.78607
5.79177
4.75025
4.29064
3.82671
3.09774
3.9472
3.66183
2.80423
3.45382
2.22471
2.2428
2.40797
14.2516
4.11124
4.48088
5.60497
6.41055
4.80643
4.96002
6.28829
5.83783
4.19308
6.79609
5.43762
4.05387
3.57462
4.15452
8.28585
7.79282
42.1382
6.69032
6.59829
5.54451
4.10356
4.00016
3.04258
6.93096
3.74761
3.2949
3.3431
2.2105
3.20973
4.88788
6.17381
5.91383
6.55634
4.37165
6.08435
5.20523
4.61637
3.41184
3.95401
3.82432
4.59412
6.27579
6.41176
4.98201
6.26981
6.34525
6.83488
7.76186
6.75069
48.5152
7.58231
7.42017
6.01566
6.66043
6.02073
4.15418
3.29259
4.75743
3.04337
6.44671
3.81476
3.98573
6.47114
3.41019
7.33835
5.64267
5.82493
5.57258
4.85719
3.46849
3.36909
3.60849
3.7619
2.40917
2.22129
2.80263
4.19255
3.25423
2.50624
4.21907
2.92818
2.55706
3.73263
3.0085
3.01321
7.25137
4.03721
5.37459
9.13552
6.93675
4.24221
3.08398
3.12619
3.03752
3.42322
3.43359
3.255
4.10264
2.55306
2.65114
4.80104
6.97077
6.19467
4.02215
5.10785
3.23244
2.92907
4.24007
6.00245
5.62857
5.15271
5.11115
5.21507
4.68251
4.74327
3.36526
5.45874
6.94537
3.53558
2.19776
3.68933
3.6857
3.53592
3.7125
3.95522
3.51941
3.19948
3.18144
4.65934
5.29684
66.5543
7.95089
5.69527
8.61075
7.86849
5.99524
8.11405
10.3345
5.66499
7.61324
4.96279
3.56762
4.82708
3.26042
3.03337
3.85136
3.7717
4.96217
4.77842
4.43208
5.36833
131.56
6.4537
7.90481
8.38058
4.48413
4.60051
4.74573
4.70045
4.81105
5.73875
4.22155
3.78342
4.23294
3.27848
4.33435
4.04117
3.40069
3.97253
3.42959
3.60243
3.14296
3.14222
2.57784
3.97911
9.3505
8.40011
96.6407
8.56248
6.18297
5.1913
3.08531
4.73952
3.03582
3.35658
3.94273
3.42585
3.54532
3.94982
9.37729
4.8358
2.69127
2.39868
2.58337
3.34228
3.04696
3.21885
2.93212
2.26716
4.13246
4.74726
3.23408
3.68867
2.83539
3.82161
3.82492
2.82968
3.57952
3.78821
2.46339
43.7935
8.31375
7.9531
5.82303
9.00388
8.65286
6.79732
3.62709
3.83898
4.27301
5.87539
5.4023
5.65923
4.97868
5.25473
4.24541
4.27129
331.021
8.54451
5.75247
5.78946
4.51934
4.91637
4.34965
4.21798
6.81661
6.47054
5.65053
4.99698
5.785
5.433
5.75181
2.82444
83.339
6.87627
5.95931
4.98506
5.08551
4.87845
3.74159
4.13632
3.0366
3.23438
2.58414
3.08991
2.87561
2.65832
3.16821
3.49049
6.06523
4.30398
3.51475
3.20609
2.58451
3.64102
3.87297
2.20164
3.52582
3.69871
2.35488
2.43916
3335.78
6.53838
7.59184
7.34029
8.47878
4.50431
3.34708
3.89399
4.09494
3.66254
2.91205
3.31742
2.50629
3.83671
3.58483
3.16586
3.09126
5.22357
6.63522
4.40229
3.69101
3.71305
4.9491
4.27207
4.4112
3.20226
4.19445
3.93777
3.69225
2.61926
4.04307
3.40035
2.41058
2.11976
3.13051
3.81525
3.38912
3.60414
3.02445
4.43137
6.67242
6.3258
4.05554
3.32701
4.34
8.19817
7.17361
6.13952
6.80397
6.97112
6.72815
7.4272
5.61922
5.2524
5.01579
4.73593
4.75973
4.8788
8.15196
7.283
4.33759
3.58123
3.78071
5.10653
3.23453
3.50558
2.55678
2.78709
3.67529
2.39011
5.36343
6.96129
9.12473
6.0617
5.17575
5.14294
7.49433
7.40723
6.64025
4.01249
4.44175
4.25204
3.03585
2.95139
3.20902
3.52658
3.35964
5.19818
3.2739
2.42555
38.6123
9.26872
9.04455
7.67701
5.34877
4.1963
5.62572
2.44314
2.40482
2.81235
6.17665
6.45101
6.16949
5.83054
4.39309
3.5465
2.67241
5.19007
5.02787
7.57644
4.71247
3.90421
4.56616
5.46933
2.37366
3.54281
4.22332
3.30347
3.79689
3.71496
3.11187
2.81858
2.93233
3.11844
5.79468
5.74101
5.245
3.6964
5.24066
3.63042
4.07602
6.53203
4.02359
3.46961
3.28007
2.9834
2.62305
3.16495
5.44297
2.73223
2.80867
3.28744
3.53727
3.3876
2.40897
4.5325
6.92394
5.08896
7.81301
6.85922
5.87982
6.95617
6.89266
4.63465
4.57666
4.31898
3.05414
6.13186
5.45499
8.20535
4.21486
3.50708
3.34448
3.05329
4.38218
3.04327
3.32959
3.07807
37.9434
7.33255
4.45356
6.21251
4.16721
5.2612
5.72298
4.53173
5.19986
4.68774
3.52067
2.52591
6.02799
3.56605
3.61907
2.96772
3.15792
2.9615
3.29198
2.9158
2.75314
3.22769
4.98836
3.83094
5.4155
4.5039
2.69099
7.55612
3.69356
3.39838
62.1514
6.90128
5.89607
7.2548
8.40105
4.39862
4.96198
7.16521
7.19751
4.52191
4.39304
3.55308
3.53556
3.69895
3.53952
3.33472
2.66432
4.79554
6.9139
63.7642
6.21023
6.86905
5.99781
6.42992
8.97133
9.40279
3.36318
5.96826
7.90812
5.2117
7.62464
7.89459
7.01146
6.66459
7.137
6.57992
4.15124
4.62152
3.58094
4.04413
3.46773
4.213
3.87367
4.02403
3.65439
3.17021
3.24624
3.96821
3.46368
3.06799
2.76569
7.21433
7.83804
6.04671
7.50318
6.44528
3.53575
4.47974
5.01161
3.33414
3.21803
3.09162
2.72135
4.06929
5.22445
3.02187
3.41368
3.87766
7.89992
5.511
30.2799
8.54886
6.17062
5.63975
4.91531
6.04497
7.64014
4.656
3.63594
5.78116
7.50431
5.19095
2.52033
6.23177
5.38432
6.50846
6.13894
3.45502
2.83449
3.19916
3.32773
3.23188
4.27975
6.7231
7.27719
5.9162
5.10738
5.25627
3.32525
3.00013
5.54577
8.31571
6.69749
5.42259
5.96047
4.9489
4.15355
4.24702
7.78475
4.4478
3.62342
3.68732
3.56606
5.08584
5.12887
4.08375
7.9191
4.50679
7.787
5.40413
5.26298
3.88658
4.30375
2.98344
4.76474
3.21531
3.04794
2.51543
2.63781
3.24386
2.65515
3.30156
2.5824
2.78642
3.31865
4.10953
4.39635
4.69735
4.06853
3.65809
5.03113
4.52323
4.60854
3.3681
3.87262
2.87571
2.6405
2.64142
2.82485
2.48542
4.09758
3.77098
3.81716
2.96957
4.09898
3.20249
2.4227
2.8948
4.32221
3.28756
4.4969
2.69469
3.73062
3.43297
3.45818
2.31437
4.182
2.80174
2.50052
3.08773
3.85218
3.15964
2.62347
3.02303
2.28131
2.64631
2.76093
2.46846
3.18195
2.67179
2.84539
2.02129
3.3901
2.5663
2.79195
3.3874
2.30787
3.85976
7.33927
5.03955
4.87582
3.97068
3.5899
6.25415
2.33547
29.0565
6.67719
8.21944
7.45367
8.05911
6.09147
4.54478
4.46365
5.19083
2.35556
3.38948
4.29157
2.57611
3.59349
2.39336
3.03192
4.23269
2.08565
2.99472
3.13441
6.09808
4.59919
3.0487
4.1318
7.83395
5.78134
4.23683
5.7783
5.06028
5.12898
3.68084
5.08566
6.07173
5.82394
5.4153
3.83021
5.69893
6.78097
4.30894
8.44378
5.29234
5.72247
3.49223
5.05362
5.29279
6.8752
3.11406
2.62387
2.8968
4.13456
3.08961
2.72354
3.21302
3.94552
6.94304
4.40478
8.89606
5.67736
4.19691
6.10417
4.49219
4.75415
5.02219
4.79297
3.05458
50.7438
5.14817
6.45592
7.56745
7.51911
6.10964
6.87127
7.30176
7.49828
4.8228
6.23316
4.06583
4.86329
3.69982
2.88883
4.21903
4.19939
5.29513
4.91298
6.19465
5.03529
5.70773
3.51505
4.85593
6.45177
6.88295
6.04737
7.20671
4.99553
3.72185
4.21062
4.0962
4.57312
3.06606
4.62847
4.07409
3.02204
2.79833
1.95223
42.0821
7.86834
8.4601
5.70192
4.48465
6.35584
6.26768
7.52833
3.90435
3.04455
4.75329
4.40651
3.87496
2.39616
2.72997
4.39787
7.20543
7.31653
5.24148
4.17961
5.28346
3.5817
2.92636
277.884
6.55612
8.38086
7.98773
7.49811
5.88039
6.16188
4.21434
3.2631
3.51883
3.0846
3.03794
3.03179
3.10582
2.80672
3.645
2.97456
3.78047
3.0955
2.91986
2.8547
2.45816
8.40437
4.6112
47.7197
7.13044
7.30261
7.15277
7.66104
8.00928
3.59952
3.24286
5.40209
2.52678
4.24922
2.52954
3.39296
6.56791
5.5825
4.18958
3.03165
2.83995
3.33616
2.30014
3.79758
3.42488
2.61195
3.28133
5.63331
5.48996
7.91044
6.9426
8.03162
5.11538
6.15499
3.41512
4.57911
3.08562
4.13283
3.04609
2.58355
2.872
3.60107
3.16493
3.63861
3.51503
3.70833
5.61578
5.92906
6.64896
5.09006
5.18721
4.70074
2.99856
3.50196
2.67593
2.20809
3.37954
2.47986
3.83444
3.05221
3.34696
2.72375
34.767
6.59673
6.58609
6.50741
4.91938
4.85844
2.79741
3.77821
5.66518
3.56537
3.24188
6.89804
7.02882
6.98765
6.41925
4.06919
42.5504
6.87001
6.87408
5.61278
5.21301
4.75869
3.25946
3.63615
3.03371
2.48375
2.69938
3.07741
2.73559
2.54843
2.55407
3.03933
3.25576
3.28056
3.09202
3.85712
5.04323
7.2219
6.2213
5.97076
5.2584
4.66727
4.87495
8.16146
7.08246
7.7646
3.97346
3.14858
5.52181
5.63753
7.0961
4.75148
5.21214
68.9802
2.88086
3.0184
3.96331
5.21934
2.70192
3.34301
4.42789
2.01491
5.63184
3.37293
3.63814
3.76975
3.62142
4.6858
5.93057
5.76969
4.43832
5.83648
2.64364
3.28963
6.01746
7.94374
3.90736
2.66815
2.27011
2.3537
3.89228
3.21638
3.69963
3.35956
5.25334
3.06525
2.92783
2.65402
2.7706
2.53701
4.53703
4.3672
3.41341
4.03631
2.70074
2.16899
3.55013
4.0552
3.2836
3.54962
6.96026
4.67805
4.51569
6.09036
3.98588
3.68832
5.00422
4.64708
5.22113
6.37882
51.9248
8.792
7.76927
3.67545
5.47622
4.33739
3.83962
2.85989
3.9888
4.33179
4.92783
4.05658
3.14751
3.1964
3.76152
3.02801
3.132
1.99378
2272.66
4.35548
7.03298
5.36122
4.1514
4.54613
3.83914
3.33669
2.94339
2.92846
3.21658
3.13864
3.80033
3.6316
4.15936
3.52432
4.08799
3.6422
3.39963
2.68482
3.3688
3.10243
2.998
3.14591
3.33145
2.96023
3.37151
2.90017
3.99641
3.50278
3.36001
2.11382
2.33714
44.6023
7.61575
4.85904
6.9743
4.96961
4.40351
4.32501
4.05858
3.67924
3.96951
2.436
3.08215
4.25356
2.92012
4.06159
3.29053
3.40686
3.85323
2.68163
3.68302
3.26503
4.24278
3.27712
2.80859
3.00893
3.16993
3.4449
3.93293
3.28602
3.07933
3.35067
2.3615
2.73354
3.52911
2.39252
3.20086
2.56607
3.86952
62.2018
8.55767
5.54082
4.93304
3.7431
4.16106
3.84155
3.63736
3.66364
3.01573
3.30443
3.41793
3.59571
4.57272
2.62253
4.10811
3.6623
4.17008
3.1732
5.25145
3.50943
5.92201
4.20253
4.44957
2.89634
5.04866
4.17146
4.39433
4.80825
4.59471
4.57639
4.86702
4.85929
6.81149
7.02445
5.67014
5.87705
3.95276
8.27085
6.57625
7.63049
7.18295
7.42927
5.49493
4.90226
5.045
3.95584
4.58443
6.66405
6.93231
8.20347
7.37818
6.00811
6.96686
5.69892
5.56281
2.63356
2.83665
2.63669
4.12951
3.19375
3.60717
3.65327
7.28503
5.34261
4.95257
5.34582
5.81267
5.25917
6.80061
5.68269
7.52134
6.6341
5.89578
5.04059
6.63824
9.03889
6.30574
61.2347
7.26796
5.48916
5.02979
4.78235
4.90723
3.42655
2.21356
3.16807
2.60726
3.73839
3.97272
3.34006
3.10806
2.74815
2.39055
6.44257
7.98413
6.53127
3.85185
3.8517
3.97242
2.77943
3.40628
3.63277
2.44652
3.00704
5.85833
3.23936
3.62552
2.94543
3.30175
3.42381
3.1344
2.28018
3.22838
6.63203
4.84227
3.88179
4.17909
4.64907
3.21039
2.84328
2.70671
3.08731
2.56945
3.87931
3.66922
4.0628
3.93821
3.73541
84.7273
7.71505
7.73095
5.73027
8.08172
7.9312
6.5497
7.094
5.73279
2.72698
5.40806
4.16339
4.81801
5.80802
177.697
10.9606
8.12343
15.3242
8.48892
6.65907
5.45441
5.31008
4.70019
4.17275
4.46046
5.2527
6.70019
5.22181
9.10934
7.35452
6.57734
4.9848
2.37365
3.54109
3.16226
2.89869
3.20763
3.66284
2.95974
3.67569
2.79396
2.87378
5.06243
3.07052
3.9849
3.40354
3.36715
5.33802
8.11877
4.32708
2.84233
2.85675
2.38499
2.6887
3.44106
5.84763
9.26
4.48765
5.48504
6.32347
6.0066
3.09258
3.51986
4.23331
2.69451
4.12448
50.6949
7.749
6.98975
6.11067
5.70909
6.61004
3.25354
4.47415
4.26764
4.37728
3.99967
2.75737
4.09359
4.58193
7.33516
6.19028
231.289
8.81038
7.1193
7.43201
7.04771
7.02827
6.46719
4.07455
6.43703
4.49244
4.18442
3.51282
3.34102
4.37404
4.82325
5.15516
9.09892
5.41635
4.34457
2.86192
3.05322
2.61417
7.07545
6.8076
4.3314
4.34214
5.10354
6.12194
4.65121
41.1627
6.32566
7.20829
5.44366
5.55151
4.50053
5.87226
7.74576
5.6583
6.39814
4.07056
4.72561
7.03568
6.43958
5.75716
4.99261
3.6665
3.08621
3.59992
2.99107
2.69525
7.38983
4.66289
5.79483
6.19094
7.39978
8.95054
4.14682
5.72843
3.40355
3.01286
3.65461
2.54479
3.64098
3.7975
3.02246
3.16135
5.88358
5.18176
7.17086
7.65327
6.11874
5.77535
5.62446
3.84925
86.1269
6.42712
5.36448
4.87996
5.07287
6.58528
3.82869
4.51704
4.516
4.03517
3.5902
4.00344
4.63809
4.97916
3.41982
3.84725
3.43266
3.19027
214.643
9.33248
6.57428
5.50536
6.99871
5.77732
6.09455
5.29007
4.89013
4.19712
2.95828
3.29822
4.03264
3.7692
1.89982
41.8342
8.93526
7.99481
6.96702
6.34125
5.64985
4.67541
3.92487
6.37391
7.39085
6.73131
7.7473
5.81371
4.55081
365.11
7.18051
8.09715
6.28204
5.60674
4.00398
5.9096
5.31039
6.47058
8.41744
5.59187
4.73231
5.05108
6.19017
205.655
7.9601
8.55622
6.26927
5.57354
10.8039
5.03474
5.13756
4.47429
6.9161
6.75305
3.242
2.30765
4.57316
9.01026
3.85749
2.97059
72.0268
8.2911
6.89676
7.3994
5.74709
4.30782
5.50296
6.6355
5.50721
6.72469
6.36494
5.77143
9.09254
4.59178
3.19417
6.08789
4.01606
5.85971
3.92345
116.347
8.09646
6.17848
7.56476
6.45766
5.10171
6.24876
4.64795
3.96482
4.62807
3.50886
3.6399
2.92544
3.40234
4.08367
2.74559
3.52045
3.16623
3.19945
3.00521
3.06569
1.7933
1.84538
81.7928
7.57101
6.48008
5.74687
4.96646
8.28895
6.75919
5.6412
4.09286
2.73239
1.99621
3.03292
3.83752
2.20342
6.81258
7.47744
7.95881
6.80479
7.62489
5.52511
6.27299
3.13805
157.644
9.88297
7.41749
7.7889
7.38968
5.0267
6.01288
4.00338
4.1932
3.92092
5.20605
5.49598
7.25242
4.74311
4.36181
3.69083
2.76877
7.21509
5.81158
6.17161
6.16001
5.70976
4.09241
3.94999
5.37744
3.38991
4.28042
3.06645
78.6824
7.48687
6.96729
6.0549
4.77611
9.3902
6.15739
3.70437
3.46562
3.3178
3.02985
4.12552
2.98127
12.879
3.75165
3.69823
5.33796
3.94853
2.94929
3.20876
3.7386
2.86536
4.81822
2.13232
4.62975
6.3729
2.98599
4.05328
3.95807
5.0301
8.31177
6.77913
6.23763
7.10495
5.09508
3.04195
2.76577
2.88929
2.85478
2.72008
3.27042
3.2141
3.3763
3.48807
2.29057
2.2179
2.36585
57.8144
8.26116
6.07666
8.62901
6.11871
5.3488
5.17831
5.15578
4.0774
2.86711
3.59701
4.49722
4.55053
4.11735
3.36408
4.26152
4.31675
3.72444
3.96275
2.14183
161.704
7.33628
4.85612
5.78184
6.91082
5.03443
2.24764
3.89125
3.25785
3.84226
2.77592
2.7047
2.75772
2.34493
2.23957
2.43606
2.6233
5.39991
6.09404
7.24958
4.79345
3.10012
3.18806
2.17409
2.17493
89.0513
6.26973
6.38359
5.42298
4.61503
3.58003
3.87938
3.12566
3.01352
3.51049
2.82138
2.38809
5.08495
3.75829
5.60096
7.65079
4.263
2.44078
3.19451
3.12423
2.69536
2.18503
1.71567
149.084
6.33597
4.95825
4.84425
6.49906
6.88712
4.98226
5.23062
8.29988
6.05926
3.85467
5.34716
6.04659
4.32703
4.30322
5.75487
3.55612
2.79013
2.26238
1.70925
2.16048
70.4358
6.86881
6.54975
6.10732
6.87558
4.96779
5.04375
4.14613
6.76088
5.00721
6.03234
7.84268
7.74817
6.79816
9.1291
6.06828
5.67796
5.88749
4.145
3.39201
3.28283
4.86381
2.22024
2.45493
2.05783
41.1508
7.26437
6.81237
10.0293
8.12064
6.82903
4.0586
6.98627
6.6211
5.15428
7.13536
4.7695
4.12573
219.012
6.85847
6.84053
3.88176
5.25307
3.6941
5.80674
6.6066
4.20463
6.73098
7.61133
5.87255
6.59956
5.0756
3.18706
2490.95
4.44138
5.24292
5.01732
4.27338
3.43469
3.82266
3.17737
2.34596
2.77379
3.1042
2.64297
3.87567
1.89359
2.75791
3.77789
2.7745
2.54769
3.65224
3.01253
2.99748
3.27806
2.21102
1.96579
5.42321
8.28966
6.45048
4.92169
4.00431
3.1915
2.5195
2.48022
2.58394
2.23778
3.6913
2.50182
2.87593
3.06989
4.16
5.00539
4.22557
3.87532
3.79974
2.29058
2.71188
5.63239
3.53745
3.15337
2.99819
3.07051
2.9345
2.13511
1.70989
1.61069
55.8433
5.35219
4.50317
4.28947
2.92241
2.7268
3.14228
2.24552
2.38374
2.02176
2.23191
2.23857
2.3138
2.30824
2.79941
2.25443
2.12831
2.02963
1.52847
2.21017
1.85458
2.08421
2.59658
2.44112
2.07437
2.10131
2.44552
1.90967
2.20779
2.02546
2.09861
2.75893
2.2985
2.72888
3.07276
2.30746
2.84484
2.03381
2.00703
1.60367
50.7138
5.39488
3.52514
3.28056
2.74884
2.39917
2.76033
5.12432
3.54865
5.48161
3.64736
2.89332
3.17878
2.71256
1.5633
1.54768
1.67092
1.77873
1.75926
1.97686
1.5247
1.66915
1.65096
1.79373
1.65893
1.78855
1.48934
1.9243
1.87642
1.48498
1.6423
1.66457
