10.532
6.36943
6.20799
4.7595
3.2414
3.69576
3.8643
2.8383
2.36411
2.4206
2.80554
4.69709
3.04265
3.02404
2.4986
3.79206
2.63998
3.15049
3.32868
3.72747
2.88291
4.16196
4.55291
3.1032
3.32954
3.83119
2.1528
43.4636
7.03226
5.94406
4.04751
4.6734
2.83219
3.80865
3.05294
3.32768
2.40083
3.12803
3.14611
3.37544
2.99312
2.97962
2.59801
3.40226
3.29608
3.74444
7.24482
3.75162
5.11144
3.98495
4.96014
3.03547
2.93079
48.5079
7.60198
6.96933
4.84173
4.03683
3.87122
3.82986
4.469
3.15437
3.91276
3.56794
2.59566
2.77978
3.15374
2.54648
3.50149
4.52459
6.01039
6.41028
4.13661
4.30711
6.16654
6.23611
7.12313
5.07783
7.82367
6.06376
6.63791
3.38495
4.97336
9.75516
5.23174
4.06451
4.34142
3.80191
4.2975
4.41405
4.04154
6.66307
3.28994
2.67753
4.50311
4.17316
5.29424
4.88581
7.29049
65.2444
6.548
6.94308
5.78285
5.76623
6.01649
5.48627
7.62115
5.41116
4.62777
3.05039
2.20099
2.92907
4.02838
2.9932
3.87292
2.25717
3.02426
3.73518
3.86926
3.66548
2.22336
2.96397
3.55951
4.91792
7.57399
8.06431
4.68077
30.6256
8.53813
5.71644
5.931
6.18836
5.47414
3.2621
2.95204
2.73086
3.24764
2.25675
2.88513
3.2612
3.9971
3.03284
3.45282
2.95506
2.67997
3.49176
2.38399
2.41534
3.04493
3.40026
2.1048
3.62785
1.97857
3.3765
2.56989
2.98902
3.64588
2.92787
3.7105
2.36287
3.90947
2.70747
2.53746
4.08097
3.97953
5.76948
5.32871
59.8203
7.08449
5.8057
4.43747
4.783
3.79456
3.79449
3.03452
6.80502
6.17198
6.63421
4.3094
3.63864
3.54913
4.29814
2.83114
2.67171
3.21055
2.60853
2.73135
2.19374
4.71976
2.58388
2.10908
9.38118
3.19104
3.66399
2.9999
3.09133
3.31707
3.22614
3.21471
3.78955
2.56672
2.77083
2.86075
5.21424
6.89664
8.31353
3.97866
3.59472
2.95401
5.55129
7.30234
5.34807
5.18057
3.62667
41.9138
6.08957
8.72903
8.04837
5.84718
5.16815
3.38069
5.56103
7.96799
7.03825
8.53486
9.00717
7.51384
5.0355
2.94112
6.44201
6.61751
5.03524
5.37417
4.13771
3.35941
3.75631
2.59229
4.44963
2.57721
3.26579
4.07591
3.00452
3.57317
3.62485
3.22081
3.18251
2.20565
2.3599
47.9008
5.52681
3.70892
7.39372
6.0393
5.0317
5.84176
5.35762
7.94396
7.71532
6.94931
2.95987
2.89249
3.59661
3.38337
2.44343
3.29552
3.43497
5.20036
5.28761
4.15287
2.56567
3.4027
4.44854
3.15561
3.42112
3.6507
4.18647
3.95229
2.65328
3.09134
2.9093
3.48904
6.98546
4.933
6.09685
3.93054
4.67973
3.39086
2.88494
4.25385
3.40035
3.46128
5.09183
3.01013
3.47861
6.72113
4.28248
3.74651
4.63683
4.25865
3.10374
4.12531
8.28781
6.07028
4.41191
3.18165
2.89147
4.94817
3.18722
2.88766
2.50577
2.6898
3.67606
2.76982
3.67349
8.39847
6.72974
4.51647
8.3824
4.60334
4.3898
7.66362
8.62309
7.36751
9.56685
3.44234
2.01599
61.4623
7.22889
7.36413
6.79465
5.09298
4.6788
4.3369
5.88894
4.41471
3.10515
4.3949
3.3018
3.51924
4.83296
9.73746
4.91501
4.69658
6.09897
6.44857
3.48704
3.00107
3.6592
4.54602
3.01433
3.00533
2.25579
2.41904
2.03298
131.252
6.37746
7.32135
7.75623
5.44397
5.73314
3.7272
4.28485
4.25823
5.61658
9.3844
6.65909
8.01679
6.79717
6.55905
3.4325
3.75482
3.85578
4.36156
9.20869
5.43646
96.5222
4.71767
7.30805
6.04834
2.76187
5.03369
6.32012
3.623
4.91753
4.196
4.78178
2.63302
3.39472
3.95754
3.00685
2.51527
3.80156
3.12682
2.80991
2.68103
2.33595
3.55437
4.54706
3.27584
3.15687
3.93693
3.17749
2.33337
2.77484
2.98495
2.65537
3.24137
3.39731
5.7755
49.0323
5.34691
7.66112
6.93756
4.58249
3.88649
4.12393
4.81146
1.8575
3.47669
4.04213
3.97984
3.79886
4.9043
3.74938
5.31926
5.53706
5.3382
7.6436
5.75296
331.323
6.21859
5.52734
4.96489
4.13267
5.01781
7.86662
7.92585
6.77182
6.13558
4.14683
4.09846
4.82259
3.95666
5.79711
85.0365
6.95131
6.27441
4.92805
4.98916
5.90959
3.39362
3.66176
4.44832
4.65416
4.21738
5.01905
6.12595
4.2889
4.00737
3.36664
3.43381
4.39854
3.72567
3.42884
4.61752
3.66015
2.43367
3335.57
6.39694
5.55905
7.09183
8.50971
11.6533
5.36711
6.36174
4.54458
4.70964
5.00115
5.5339
4.19242
3.64979
3.29571
3.44552
4.1817
4.15658
6.67263
8.39668
7.15226
6.26581
5.82431
8.82265
8.17507
7.31968
7.45357
3.77179
7.44035
5.88683
6.04106
7.07753
7.82371
5.96969
5.63672
7.7591
7.24681
8.65906
6.73296
8.02457
5.41615
6.03737
5.74644
6.13635
6.92759
6.78428
5.51674
5.66455
4.16241
6.15182
5.40215
9.73918
3.49159
2.82944
3.4276
3.2454
2.87648
3.86647
3.50468
2.89246
3.57146
1.96784
3.04403
3.20404
2.65329
3.40423
2.96296
3.0203
2.66832
3.04017
3.14281
2.52733
9.89576
6.19008
7.53718
8.09378
40.4932
6.66663
6.89395
6.67216
4.57184
4.28347
4.52355
3.48961
3.42134
5.2247
3.61934
2.44013
3.37945
2.59882
5.86876
5.52643
7.34019
7.93754
7.85229
7.49688
7.64123
4.10899
2.75447
3.78971
2.11866
2.52292
3.72396
2.31124
2.77908
3.49699
3.54683
2.81303
3.46488
3.6136
2.81504
2.55504
3.11551
3.61737
2.02512
2.26985
3.24693
3.18779
4.2922
2.81949
3.00425
3.08619
3.3293
2.23294
3.33719
2.9353
3.35551
2.59478
3.36804
3.45534
3.75634
5.19808
7.9077
5.34133
4.97566
5.814
6.33687
6.23773
4.16321
3.4701
3.2199
3.58561
4.12978
3.40326
2.74873
2.10147
2.97551
3.19277
2.83353
3.08919
3.38324
3.32442
2.75304
3.37118
5.72081
6.61426
6.87198
7.43983
5.85367
7.26277
3.38569
36.8616
6.59086
5.95407
6.31647
5.40576
4.36139
4.00237
4.23285
3.25143
3.82424
3.25841
4.33297
2.78588
3.77946
2.21578
2.38056
2.93567
2.57598
2.79924
2.98789
3.19163
3.00947
2.35511
2.69126
3.34911
3.13602
3.09903
3.32851
2.28791
5.50414
5.08161
4.12169
4.59851
3.09689
2.41366
60.0012
5.16126
5.91237
6.42149
6.64914
7.71247
6.21488
6.0328
3.48067
4.24517
5.28584
3.88075
5.02683
3.29692
4.97757
3.31941
4.12705
4.05344
2.82973
3.4744
3.07034
61.8755
8.05271
8.64006
5.0669
4.14015
3.3089
4.23757
6.10475
7.35592
7.5773
4.34034
4.56162
3.3767
2.93499
2.99291
3.8441
3.95638
3.26406
3.77503
5.1175
4.95522
3.12739
2.66138
2.99677
2.49833
2.32992
3.15823
4.41958
6.678
6.81442
4.3755
4.62162
4.26622
4.15783
4.16012
5.90298
5.29243
3.83386
5.03677
4.59594
3.78251
5.24477
9.74043
7.30253
7.97117
8.07061
6.04271
8.32809
5.47079
5.18079
6.30483
5.60301
3.59833
3.88984
33.4301
8.7812
6.33356
3.3048
4.02194
3.17997
5.12362
5.49621
5.2383
6.1126
6.84136
4.47091
4.01982
6.2068
7.72316
5.38157
5.52887
5.53775
8.35839
4.86778
4.75605
3.64659
4.17172
3.29232
6.04665
3.36158
5.76504
7.752
5.50331
5.15869
4.22377
3.91567
4.68997
8.40622
6.84464
4.13893
9.14637
5.07323
6.15701
7.21933
7.49967
11.069
6.53978
4.46772
3.42492
3.69265
3.78701
4.35776
5.72111
4.14668
3.74259
3.8993
3.83409
3.58121
5.16535
6.90275
7.27255
9.39221
7.52502
7.25112
7.1472
6.98693
4.96875
5.95079
9.75946
6.88505
7.73006
8.64837
6.44254
6.17326
4.21321
5.53775
4.50329
4.65923
7.98506
7.646
7.04114
5.49654
6.56119
6.18407
5.40425
4.11892
3.27716
3.81092
8.41263
2.82223
3.16971
4.20561
5.09048
6.73529
5.2929
29.2987
7.08047
5.65442
5.5481
5.1159
3.47653
5.81111
5.5207
6.43713
4.63591
5.45708
8.27272
8.18156
8.54054
5.82099
5.75631
4.08003
4.8605
7.28811
3.80809
4.13557
8.2371
7.11897
7.81745
3.37831
5.21605
4.82663
4.99926
8.00408
6.56411
4.98161
3.73117
3.39619
3.68677
2.90229
3.00175
3.4366
2.48662
2.8921
3.13203
3.1967
2.47438
2.95057
2.86881
3.21069
4.71882
7.1648
7.63914
5.53881
5.41584
7.31835
4.40983
2.48343
4.22899
3.82635
2.21169
2.51647
2.55776
2.93528
2.87609
3.21411
3.07301
3.43274
2.97548
3.04653
2.54122
2.62911
52.9142
6.4952
5.88917
4.29437
3.67479
4.28116
3.02387
2.27115
2.84619
2.59854
2.58216
2.53607
2.43487
2.48175
3.39066
3.28194
2.82972
2.55957
2.82743
3.54197
3.65976
2.04584
2.97701
4.02851
4.83759
4.26262
4.27297
4.55109
3.27103
2.80937
4.50925
6.94114
3.98713
3.75299
3.5809
4.89782
4.6087
2.71275
3.55586
3.45147
3.95556
3.56577
4.01495
4.21711
4.10866
4.52627
3.60331
4.43103
4.09331
5.2534
3.58019
43.9422
6.79495
9.57847
4.95596
6.67797
4.84392
4.91333
4.59168
3.28554
3.75547
3.79967
5.15347
3.79332
3.19828
3.41092
2.96772
3.377
3.12883
2.96947
5.60557
5.27666
5.28343
3.87723
4.07268
3.94292
2.3875
2.39504
277.105
5.40297
5.55686
4.13925
4.90999
3.29447
3.78119
3.18344
3.34749
3.24056
3.10225
2.98383
2.25595
2.20992
3.12872
2.69104
2.95529
2.92354
2.78052
3.13191
2.90062
3.21138
5.46822
8.36005
7.38444
3.41557
4.02241
2.64817
46.2946
8.0444
6.54862
7.67997
6.08493
7.42287
7.04829
4.64788
7.54281
6.35796
5.52767
5.15975
4.98262
4.56863
5.29077
4.79576
6.81678
7.03015
7.51675
6.8502
6.40954
4.43489
3.99598
3.96824
3.97671
4.29511
7.33539
4.87923
2.63853
3.69622
3.32601
3.89025
3.26015
4.12718
3.10096
4.16752
3.80185
4.29101
3.27084
2.46537
3.38767
4.98048
6.79596
5.42196
4.23763
4.30313
3.27399
3.77939
3.26694
3.97332
3.4373
2.5181
2.28769
35.4179
6.1289
5.49669
5.93977
4.70198
3.48676
3.99999
3.71298
2.65958
3.58733
5.19584
7.50415
2.55576
4.26297
2.74899
2.45623
2.80307
6.30369
3.02474
2.28476
39.4349
3.58505
6.67826
7.78065
5.75892
10.1119
8.35196
3.34591
4.7286
4.21687
5.31372
7.74209
7.69808
6.12432
4.88229
3.39233
5.63344
2.44926
2.81627
2.72751
4.9321
4.60018
4.23942
5.64527
4.46139
2.50181
3.83955
4.94759
6.53155
4.68885
5.13169
3.34588
4.98495
5.57303
5.79349
71.2368
5.77727
2.82645
3.02223
5.75451
3.94246
2.36956
3.08229
3.80176
3.85888
4.43046
4.35056
3.69366
3.37127
3.31914
3.62105
3.82723
3.18454
3.07384
2.48885
3.10233
3.02314
2.41502
6.51788
4.33545
7.66666
3.86069
3.71593
3.82443
3.38061
2.77129
3.19082
2.73794
2.88793
5.67873
7.32056
6.99933
3.03416
4.90975
4.34921
6.4966
7.08109
3.93536
3.86197
3.17922
4.74359
3.69057
4.08223
5.25471
5.06554
3.24844
3.93335
6.53867
4.30002
50.7443
6.69435
5.34009
4.42444
5.61863
7.8356
5.02298
5.62336
5.87045
7.6627
4.86889
5.34826
4.30063
2.33091
2.13166
2.16012
2273.3
5.40896
6.84553
4.54553
6.09214
7.7901
2.81774
4.33042
6.01124
3.50619
3.69759
4.23765
3.36358
3.50277
3.71435
4.16308
3.44491
6.0829
4.46216
5.60811
4.53437
6.06658
6.0974
5.02763
45.5884
7.49787
5.76397
4.46461
3.8322
3.30193
4.77361
2.50052
3.25851
3.07018
3.02184
3.02275
7.10437
4.05908
4.19702
7.51655
6.13148
5.28887
7.01119
9.18981
6.04498
6.14809
7.30545
5.38109
6.29196
5.93974
3.11751
61.498
7.61711
7.0856
8.06138
6.61387
7.70716
7.45529
6.20697
8.08555
3.59909
4.19116
4.03158
2.55688
3.64949
6.5157
3.41813
3.53577
7.28216
7.49263
6.78289
5.87352
8.12668
7.11742
3.00708
3.91271
3.90182
5.96687
8.61811
6.97711
6.36081
5.23866
6.39106
7.00692
3.85985
2.78358
2.48257
3.42032
4.93963
3.80563
4.32785
2.88946
6.5748
6.38105
5.239
3.58911
5.58995
2.71215
3.85012
2.83279
4.37841
6.41397
5.11944
4.03579
6.56501
8.80302
6.28282
4.98921
4.684
3.51594
3.96977
3.80168
5.64878
6.72842
7.87188
5.50381
4.65592
7.75238
8.27188
4.09809
3.76455
4.45906
3.15575
4.32158
4.89093
3.53371
3.07953
2.13748
57.473
5.8201
6.61476
7.54572
4.43128
5.29365
5.38062
4.00902
3.74667
6.09764
7.24557
4.65851
3.28456
2.69265
2.54846
2.81743
3.14937
3.09086
3.14368
2.79607
2.97928
3.86215
3.0473
3.93189
3.69747
3.11941
2.87179
2.91548
4.24021
2.63832
1.89477
2.53923
3.08896
2.59712
5.50397
5.91999
4.16179
3.39222
3.53059
5.71163
3.40943
5.98128
6.31417
3.35037
3.03272
7.38301
6.94529
5.84734
87.202
7.38664
7.47897
6.85228
5.94354
6.64454
5.52798
4.86795
4.08186
2.97763
3.04833
4.33486
5.33355
5.18334
3.69294
3.96317
176.229
8.30983
7.30605
8.59415
15.1179
7.13471
5.55441
7.54246
7.38483
6.0976
7.21758
6.72894
6.33478
4.79286
5.27013
5.2581
4.28278
3.65337
3.21359
2.53235
4.25471
2.78842
3.81736
3.379
2.96067
3.07029
6.88157
6.41276
4.6538
5.95537
4.18753
2.59559
3.8287
4.98001
6.25649
5.36455
4.69275
4.02564
3.60192
2.34189
7.08236
4.46174
3.48447
2.36829
2.58595
4.1764
2.5951
2.48647
2.50134
3.99665
6.02721
5.00081
47.049
4.67226
6.57681
8.83432
6.88836
7.9983
10.0497
7.91179
6.60459
4.47781
4.30902
3.38383
3.51218
4.3989
3.70771
2.88866
2.7263
231.833
7.3216
6.09658
7.58539
4.76952
4.11083
3.50153
4.07093
4.92616
3.87387
3.65154
4.00906
6.73233
7.25853
4.98226
6.1922
4.32112
3.35729
3.39746
2.58237
3.06094
2.31715
4.38716
5.03534
4.3221
2.27016
4.60632
3.926
3.62931
2.98567
6.33941
4.1365
3.92782
3.51473
41.4598
6.51378
6.11372
4.59955
5.63497
3.71081
5.64907
7.1752
6.45013
5.86877
3.33379
2.79779
5.77958
4.06854
5.02516
2.98204
4.05654
3.10322
3.43015
3.50137
7.15677
7.26633
5.64821
5.21609
5.39197
4.63359
4.94699
6.94492
8.03828
6.84212
5.47477
4.925
3.56223
4.33619
2.71073
4.39038
4.46394
5.78988
2.75904
2.68064
2.57883
3.10173
3.83801
5.19186
6.13441
6.77173
4.99031
81.7192
6.15579
7.24247
7.19732
6.38898
5.03499
4.8046
5.02617
4.49849
3.86685
2.41856
4.16738
3.67314
3.54729
7.01149
5.50999
4.46053
213.96
7.67988
5.55228
5.49241
4.5194
3.45126
3.85216
2.66108
3.22073
3.24853
3.98344
3.09034
2.84124
5.41094
7.12608
8.26247
46.1687
7.22934
8.04819
8.00601
7.42015
5.64046
3.8735
3.30284
3.99392
4.14936
4.01636
3.08302
3.79122
3.41412
3.99919
3.17919
3.58635
2.959
2.81739
369.319
6.21524
6.15176
5.22464
4.33566
4.2946
4.63389
7.6903
3.12313
5.79328
6.98121
6.80529
5.95175
3.88214
3.04398
204.162
9.2164
6.80458
4.67111
5.80181
4.26498
3.27009
2.57728
3.25886
2.27349
2.65679
2.73923
4.64461
5.70432
5.22528
3.72523
3.52893
5.10633
5.12884
4.98324
5.23684
70.6025
8.83784
7.61624
4.96692
4.59255
2.93857
2.62211
3.12317
4.77672
2.50218
4.67409
7.28571
5.98223
4.38683
4.9413
2.98232
3.23771
4.98755
3.2351
3.20424
2.22922
3.47034
2.84348
3.59169
4.30373
3.19694
2.8528
2.32658
116.195
9.31166
4.88725
7.90169
4.7478
7.76696
5.98355
6.71311
7.00291
7.20691
6.38374
5.03843
4.00136
4.5661
6.57813
82.2407
8.71086
6.1238
6.25331
4.60916
4.96943
3.08816
6.33329
7.14861
6.76985
7.60021
6.2618
5.85938
4.49847
4.16086
3.5024
4.70205
5.53056
5.88028
4.41099
7.54355
3.85855
158.576
7.29962
5.12566
7.32183
5.00035
5.75299
7.62435
6.29048
7.0744
6.28538
5.72776
4.53657
4.02334
2.9473
6.85332
6.3038
6.19224
6.27435
5.39567
4.76867
5.31764
5.27322
3.38092
4.89189
7.47005
5.54255
78.4461
9.55996
7.79958
8.38112
7.06014
4.06671
3.80614
3.6461
4.26639
7.61597
6.83758
14.9132
5.18623
6.25933
6.19103
3.96762
2.44446
3.6426
4.74901
2.67834
4.07103
6.53619
8.18304
4.84078
6.27951
3.01452
4.64117
4.1385
4.6616
6.60759
6.84805
6.21787
5.97694
5.92671
4.4008
5.48778
4.02941
2.11148
56.9152
7.31656
7.00664
5.93121
7.81758
6.67977
5.4254
4.75329
5.71856
4.69014
3.17078
3.63762
3.39934
5.90876
8.07782
7.95666
4.63373
163.24
5.55368
5.57671
4.02083
3.21835
3.52266
3.17026
6.25127
6.16425
3.34658
2.20665
2.19676
2.16481
5.70212
8.20224
5.26224
5.37276
6.44682
2.486
3.55995
3.06549
2.77416
2.67973
93.2102
6.14769
6.29793
6.09215
3.84234
3.93887
4.01987
2.06125
3.68691
2.81961
3.60505
6.1927
4.5174
5.65898
6.24763
4.71893
4.21912
4.79347
3.31715
149.88
7.00896
6.18971
4.09504
5.57084
6.91784
6.57624
5.54092
5.61601
5.24661
6.46224
4.74638
5.36135
3.3595
2.63599
4.76002
5.52551
4.73715
69.6324
8.36668
5.85002
7.06128
7.85868
4.70917
6.42202
5.35714
3.47814
2.42251
2.97897
5.88235
5.80701
3.0791
3.25221
2.93248
3.32651
2.91481
3.30533
3.44711
3.1026
3.48332
3.98602
3.50889
3.40334
3.97806
2.82962
3.24671
3.73766
4.27461
5.67677
5.54831
40.8931
6.45609
8.23902
5.44618
7.12537
4.66458
5.93963
3.53711
3.72016
4.63117
3.62191
3.79377
5.94426
8.73616
5.63078
218.482
7.45654
9.00897
8.42464
5.60167
4.67484
4.80132
4.6525
6.39106
5.98719
5.48681
5.43916
7.68971
2.98033
3.40134
2492.68
5.93986
4.52506
5.3005
8.71491
6.35229
7.23038
7.0251
5.44664
3.96837
4.04296
3.61653
3.36031
3.13838
3.21045
2.46646
5.9961
7.81135
6.5179
5.14035
4.09989
5.14302
6.49182
6.98684
5.58856
3.8725
4.67949
2.70276
4.05537
3.29649
2.13201
2.3243
2.62379
2.97974
2.50958
2.90159
3.36712
3.98292
3.46002
2.40414
59.3788
7.0771
5.20785
5.6334
5.11076
3.6619
3.94733
2.97605
2.2409
3.62439
2.84329
1.98574
2.83886
2.57651
2.64484
6.44635
3.12085
3.50715
3.49024
4.0191
2.96129
2.81795
2.91791
2.72806
3.50574
3.86611
2.11501
1.76836
48.7343
4.24463
4.43642
2.74414
2.48458
2.30983
3.382
4.97823
5.11721
2.61589
2.6449
3.72051
4.20674
4.31124
3.73779
3.70201
3.79388
2.23884
1.79518
1.8504
1.89169
1.69699
1.71855
1.56925
1.58073
1.79279
1.64153
1.83542
1.67588
1.47978
1.50696
1.49743
1.47509
1.37274
1.37565
1.39053
1.44565
1.40285
1.3538
1.39525
1.35084
1.62639
1.39433
1.35593
1.43983
2.9031
3.60124
2.55635
2.42477
2.30733
2.45062
1.85187
1.31501
1.31612
