7.89496
4.79947
2.72094
3.12397
2.95805
3.21394
3.38505
3.78509
2.99762
2.72288
6.055
4.92719
4.53141
3.91908
3.73564
8.4027
4.56965
2.42706
3.09444
4.83419
8.15442
7.37134
4.86447
44.1979
6.56701
6.26255
7.84579
8.18456
5.38498
3.55935
3.98145
4.31068
3.83752
4.20673
4.14315
5.80202
3.87699
2.6961
4.50098
3.63727
4.00759
3.92238
3.35596
3.084
46.2478
5.51275
8.69759
7.90455
10.1216
7.74725
7.75466
5.83268
3.90225
4.4908
3.90251
3.39846
3.01294
2.8824
2.55473
2.36616
3.64781
3.46238
2.74516
3.37201
3.17698
3.15644
3.78395
2.64664
2.84664
4.42803
3.24457
3.18827
3.86374
2.89422
4.42776
6.44629
5.69604
5.00142
3.8754
3.8507
3.2637
2.98702
3.5185
3.35253
3.86376
3.02851
3.45869
3.18375
3.80193
2.45347
3.18347
3.37858
2.6117
3.09425
3.04126
1.95984
4.13789
4.04808
2.93701
2.66001
2.17843
63.3113
9.24284
8.08683
6.23672
5.20297
5.1496
2.93618
2.82466
4.35945
3.94485
2.77078
3.07593
2.38783
2.70514
4.83762
2.28803
3.2856
2.86848
2.53544
3.70312
4.24735
4.00547
2.75518
2.51707
3.5358
2.98113
2.74198
3.4353
3.56793
3.48088
5.08323
3.16445
3.32428
2.2093
26.089
6.62229
7.62685
7.33674
4.5317
5.78356
4.09037
3.62109
4.22623
2.93683
3.72552
3.6394
2.84388
3.68245
3.36238
3.46553
3.22181
2.80467
3.22144
3.40783
3.25693
3.32049
2.48389
3.06972
3.51651
3.33755
2.48972
3.2231
2.81443
4.40932
2.47357
3.60024
3.96023
3.66882
2.70167
3.02034
3.22349
3.6196
4.29386
2.71671
2.36538
60.2945
7.39415
5.7297
4.9691
3.63641
4.69818
3.61367
3.7352
2.73639
3.9114
2.47545
2.80882
3.35571
2.50388
1.87473
3.28424
3.04912
2.93408
3.87467
2.80199
3.1364
3.32615
3.09103
2.00338
3.18292
3.17045
2.03417
9.79865
4.32867
3.77376
3.66457
4.37437
3.59856
3.17025
3.1959
2.14305
1.99043
2.75768
2.9149
2.64727
2.99815
3.19748
2.96675
3.17377
5.64883
5.95461
6.58838
7.65459
8.20885
6.89056
5.29731
43.1243
6.21876
6.51681
8.20592
5.36727
5.737
4.44841
3.87596
2.66062
2.97239
3.77583
2.90663
2.89981
2.74573
3.04188
4.19943
3.05594
3.48588
2.23422
3.67999
2.86143
2.83517
3.84697
2.84141
3.73531
2.903
3.20381
3.41306
3.95947
2.8163
4.92076
2.89765
2.35394
6.54184
5.74
5.23824
4.207
3.85998
3.93608
7.02062
47.5743
9.84386
8.49201
6.42311
5.42564
6.33592
5.71142
5.60671
5.24022
3.51114
9.44713
2.61504
2.56988
3.28269
4.07268
3.15762
3.32815
2.72363
2.6347
2.89915
2.68034
2.95471
2.94544
2.97924
3.84701
3.88402
3.79385
5.5022
2.85254
6.63817
7.58334
3.93947
6.11064
5.99449
4.85317
3.97555
3.93725
4.03961
5.00774
4.51546
3.99075
3.64856
2.63962
3.03293
2.73626
3.03011
2.82546
2.62247
3.26018
2.29165
2.85481
2.91744
4.60649
5.98532
4.68859
4.58953
7.30408
7.17184
5.26174
4.14039
4.0664
3.46318
2.78989
2.57052
3.1251
3.72392
2.95863
3.22912
6.45891
4.06481
3.67338
5.62241
6.86649
5.40173
5.01873
7.17148
6.39934
5.52638
4.52862
3.78456
2.96915
2.24728
64.8312
10.7811
7.77824
4.75878
5.48264
6.30633
5.8636
3.72303
3.61067
3.35229
3.14852
4.03797
5.75437
7.79354
6.70033
5.06564
4.19439
4.95729
6.46224
7.90772
7.67612
3.91035
132.934
7.28459
5.80912
6.82988
6.365
3.58804
4.99511
4.21626
8.2828
8.16721
5.52815
3.5158
6.57604
5.2728
3.89205
3.55623
3.85887
5.12108
5.7474
7.36395
7.42241
3.55286
1.93562
95.6123
8.65904
8.40803
4.87327
5.40496
4.27582
3.53328
3.10044
3.46573
2.73974
2.744
6.66641
3.40288
5.26408
5.82505
3.37454
2.9881
4.13139
6.59996
7.96719
7.13608
5.89205
8.27329
5.28182
4.6075
47.8442
7.48236
7.08194
4.53491
3.48758
4.72644
3.62147
3.31564
3.60503
2.50059
3.1238
2.90928
3.02213
3.25309
2.75142
3.44445
4.11594
4.11941
2.63486
2.54148
3.92525
3.19793
3.73115
3.73082
2.64954
2.46842
329.469
6.74862
6.80249
6.51506
5.74516
4.75881
5.572
6.8586
5.8631
6.50389
7.03283
9.15802
5.02385
84.4636
7.68566
5.3149
5.76259
5.22745
4.83445
3.5328
3.35412
3.67363
1.91876
3.77953
2.86256
3.4084
2.70194
4.60911
6.93055
5.92966
8.46356
3.5998
2.64151
2.82138
3.5499
3.12268
2.92016
2.67488
2.2032
3338.4
5.84722
8.28247
6.48278
5.64286
5.39879
4.61021
5.70456
5.81323
4.81027
4.27412
4.92546
5.04644
3.55301
3.31442
2.98068
3.34099
3.40678
3.75443
2.55613
2.60536
2.85621
3.70151
2.58265
2.77684
3.78364
4.10779
4.07858
3.54174
2.74818
3.87459
2.88609
3.85997
7.53621
6.58272
3.54189
3.6635
5.38733
2.84512
4.19039
4.08777
5.02436
7.47469
3.97286
2.97159
2.07131
2.97088
2.66802
4.18091
3.99904
3.80324
2.03156
6.28274
7.34163
3.62435
3.91259
4.02047
7.07657
9.18854
6.6174
4.12792
4.65541
4.4062
3.25255
2.92406
3.58436
2.62638
2.21133
3.04418
3.25772
2.40507
2.60867
2.7054
3.52551
2.26546
1.98815
2.11532
7.45225
6.45371
2.84123
4.86853
4.44732
8.2652
7.22523
5.95578
5.11929
3.44275
4.24856
3.4539
4.00479
3.34263
2.50799
3.14743
2.66196
3.45626
5.38132
6.14865
3.98192
39.3206
6.93082
8.21295
8.46883
7.03544
5.18695
4.71469
5.11501
6.99027
3.76471
3.80899
2.82455
3.20689
2.72633
2.89958
6.35706
8.26296
5.52204
3.98343
3.73138
3.47653
3.72278
3.86909
4.73755
3.59177
7.22476
7.21031
7.05987
5.63255
7.30076
8.2943
5.9995
6.72119
3.76275
3.54142
2.93
6.73285
6.9756
6.35094
7.01171
5.55135
5.28783
6.0795
8.97383
6.48082
5.93982
5.41309
4.16626
4.43191
4.85799
4.58732
6.57394
2.86284
2.75905
7.78886
7.24029
8.76971
6.82584
4.86513
4.63246
3.40947
2.93498
3.51133
7.98614
6.78597
40.4693
8.01438
6.6194
5.08449
5.17582
3.45576
2.88803
3.99131
2.88888
2.64848
2.7909
3.73963
4.60417
6.36038
6.87326
4.98255
5.53718
7.26851
6.1963
3.96977
6.31585
3.74919
3.26026
2.91984
2.77031
3.04265
3.28155
2.87389
58.5987
7.29297
5.41422
6.90525
4.26478
4.20786
3.34158
4.58353
2.9953
3.11714
3.32439
2.36925
3.14787
3.34065
3.79344
3.1546
4.84973
3.00643
2.11568
8.28706
5.89029
3.15947
3.51444
3.70262
3.23516
66.0753
5.80394
5.746
6.40866
6.14883
5.96619
5.58265
3.90159
4.02168
3.54156
3.61421
4.64141
3.48091
4.08881
3.0482
3.22724
3.13568
4.79806
3.20269
6.51611
6.61157
6.2604
4.72728
5.60316
7.22871
4.74053
2.48123
4.31877
2.5323
3.10801
2.80505
3.29443
2.82035
2.98168
2.89412
3.49352
2.08605
3.0261
3.54809
7.38823
6.6667
4.64155
4.412
5.49621
4.03613
3.54017
2.87527
4.66405
3.0924
3.12149
3.45039
2.43601
3.44351
2.87268
3.26223
3.09849
7.43256
8.99203
6.70028
5.32143
32.7081
6.96975
7.0679
8.7988
5.26752
2.90116
3.01012
3.32488
6.23141
2.59936
3.69149
3.83153
5.39701
5.90578
4.88076
5.21117
3.52802
3.18904
3.06112
2.87643
2.72084
2.26329
4.01516
3.03469
3.46134
2.97668
3.11208
4.02228
3.47443
3.53417
5.2219
3.49402
3.82841
3.82071
3.15764
3.27668
3.69095
3.2955
3.35377
4.27917
5.23993
3.71228
2.92681
3.64754
3.75337
3.64492
4.69313
3.93181
5.79348
3.56225
4.18058
6.8351
6.70398
3.87404
3.97142
2.93748
2.87375
2.97539
5.13595
7.40954
8.90689
6.06014
6.37123
5.70012
5.49941
3.76004
4.72676
3.39024
4.10439
3.37599
3.97397
3.27786
3.33141
3.50779
2.24661
2.20708
5.51757
9.60375
4.36308
4.25733
3.66996
4.43266
4.21786
3.72864
4.06397
2.78879
4.02132
3.82071
2.69421
2.60914
2.49002
2.91002
2.00984
5.60325
7.44709
4.52262
5.16852
3.19855
3.06262
3.94871
5.20301
6.96815
6.30487
8.08267
6.34234
3.40336
3.70063
3.67037
2.63833
3.57889
2.03637
2.72774
2.84597
2.98029
7.5142
5.46315
3.01783
4.0129
3.18786
2.77633
3.90508
3.54466
2.19106
29.984
6.75708
8.7611
5.64459
5.96121
4.42397
3.50029
4.17631
2.68304
3.92824
3.94719
2.50584
3.13523
4.23746
8.13853
5.68357
5.80406
6.251
4.32408
2.02138
2.83311
2.88649
3.8067
7.18872
6.90302
8.76089
6.81589
4.83311
5.83257
4.96542
4.41473
3.32745
3.1984
3.5832
4.25949
6.92865
7.84282
7.63596
6.81797
5.53004
3.33452
2.95835
3.13396
3.13207
3.02106
4.78516
7.03444
6.34446
7.43684
7.33669
6.57281
5.50387
4.08826
4.9723
3.65546
2.61556
3.78014
7.89579
6.97068
6.96489
3.97637
51.1314
7.52623
6.88015
4.35504
5.99681
4.53646
3.5185
2.77876
3.06386
3.03521
2.19351
2.98429
2.5184
2.88403
3.06521
2.33902
3.9487
4.38088
2.96297
4.17323
2.83373
2.78517
3.27168
2.64057
4.21122
4.14775
3.20676
2.67497
2.71482
2.39968
3.13703
3.60913
4.78844
6.4752
4.25362
2.61624
4.45185
3.81335
3.17526
2.97016
4.16646
3.87935
8.43665
7.06678
4.73249
5.03801
4.27773
3.20671
4.35325
3.03704
41.3412
6.00596
6.88709
5.94769
5.74655
3.46524
3.70886
3.6255
3.36175
4.36062
4.11821
2.58647
2.79089
2.9156
3.30762
2.43001
2.5769
3.2835
2.36408
3.77754
6.73288
4.03031
6.44045
6.29946
6.44779
5.45469
5.7179
278.509
6.35536
8.22489
5.69426
5.34237
4.58301
6.2337
6.72023
6.79487
5.79214
5.22184
7.38222
6.16593
5.01658
4.81806
3.50487
6.25223
4.62856
5.61313
49.8377
5.58203
7.50165
6.59889
5.20899
3.83241
5.62398
6.84888
5.9604
7.10185
7.37856
5.37246
5.23468
7.30527
8.43874
3.668
4.85207
4.31309
3.62043
3.57913
2.74782
3.18101
2.41777
2.72446
2.80692
3.32304
2.01083
2.39036
3.36915
2.59217
3.34167
3.79981
4.04442
3.82548
3.41493
2.43489
3.51307
5.71593
7.55712
7.45168
6.97763
6.10798
5.13799
3.6197
4.34359
4.4626
3.95124
3.35806
3.7496
2.87071
5.36991
5.55089
6.43112
3.84367
33.1022
7.39321
7.06746
5.02107
6.88814
5.80059
5.75196
7.7345
3.2267
3.08528
3.07335
3.6256
2.9691
2.7273
4.71842
3.95752
3.83392
44.7077
5.84469
9.42998
5.37449
5.12395
5.05808
4.06642
3.47119
3.37163
7.68823
5.93701
5.59781
4.99002
3.22606
3.97927
3.56237
6.48782
7.27937
6.35213
5.52486
3.89084
6.13414
4.08762
4.11086
3.2209
2.81228
2.93967
4.21664
6.12859
3.0036
4.63879
5.78006
4.28195
3.60139
5.23729
3.58421
2.24734
68.7154
2.8959
4.63115
6.73359
7.33061
2.19147
2.87006
3.25212
3.97144
3.68312
2.31016
2.72224
3.41142
3.37357
3.50121
2.07524
2.0894
3.03791
3.26287
3.23375
2.84493
3.34065
3.18654
3.25204
3.12305
2.20764
2.80715
2.21026
2.5604
3.71078
3.01946
2.74317
3.02726
2.70799
3.66165
2.6564
3.75032
2.75126
7.08228
3.15366
3.61896
5.81697
7.81003
5.0655
3.9504
3.14883
2.59533
3.80019
3.43735
3.33297
3.36895
2.94138
3.1162
3.7022
3.27743
3.47719
2.89803
2.48274
3.35622
3.29357
6.49581
6.88308
5.70658
4.27782
54.1176
6.88741
8.36937
5.54935
4.2949
4.63864
3.68868
5.83662
5.41962
3.88637
3.78725
3.5831
7.37383
2276.45
4.124
5.96634
4.53374
4.2629
3.24611
7.00775
3.95202
5.83553
5.45619
4.96456
3.74736
3.66081
3.26887
3.18667
3.02034
3.38269
2.97394
3.74536
3.14729
2.92815
3.40558
3.35114
3.49058
5.478
6.72868
5.27817
3.98317
2.97532
45.4665
6.73203
4.53836
4.40977
4.02625
3.63765
3.23194
2.56116
2.70164
3.0232
5.68842
6.46845
7.42739
6.1165
6.52858
8.55018
6.07623
6.16081
7.22595
7.91177
6.2118
4.66178
6.98754
4.69777
3.31308
2.69952
2.7369
61.7585
9.16931
6.84232
6.72697
6.91197
7.6664
11.5063
6.60858
5.88804
6.89728
7.00011
7.09757
6.06459
6.2833
4.45573
4.29962
2.99584
3.79625
3.75682
3.24701
3.04936
2.38708
3.34585
3.583
6.10074
4.24099
4.48211
3.76057
3.46709
3.70803
3.53727
2.68106
2.64239
2.28463
7.0608
5.8531
5.45765
3.7687
4.84494
4.72103
7.15334
6.88541
7.84326
6.17816
6.03717
5.03669
3.48814
3.59578
5.0236
7.77888
8.97788
3.34445
8.57137
7.3496
6.94345
5.94809
6.25713
4.23787
8.21354
2.85858
2.95799
2.2116
3.76251
6.65723
4.19704
5.03787
7.2638
4.89142
3.89182
3.76821
3.41066
2.25718
2.71443
3.24072
3.71914
3.53811
3.77508
5.4242
4.08028
59.1389
7.95691
10.0071
7.73056
5.64922
5.54403
5.02761
6.80839
3.95724
4.7029
4.045
3.42537
3.53391
3.3728
3.34496
4.75655
7.33528
5.67932
4.2301
5.2821
5.1836
3.24577
3.46193
6.42265
6.8242
6.94961
6.9821
5.14854
5.08644
7.94852
5.52648
4.56147
6.10284
6.38366
6.55577
5.33909
3.60277
84.7883
7.0571
5.24683
6.47562
5.67328
6.19598
6.39814
6.50072
6.3498
6.57513
6.54963
7.6127
9.35082
175.265
7.01585
5.90564
5.47291
4.90859
14.8004
7.28858
6.61724
5.32362
3.88032
4.7056
6.30171
5.84112
4.48028
7.99307
7.55492
7.21461
5.37296
5.8278
4.15298
4.40614
5.07102
6.93741
6.3442
4.47864
3.93885
5.5431
4.91054
3.34368
4.30066
5.19997
4.04338
3.47028
2.84035
3.01199
3.49703
4.06657
4.01539
3.01013
3.3408
3.58853
2.88076
3.07638
2.2878
3.60108
6.59997
5.58928
7.58788
8.86445
4.61803
46.4008
6.69378
8.16814
5.72432
3.69147
4.83239
3.98524
6.44671
7.92463
5.92249
5.38983
3.53266
2.55293
2.79149
2.8237
4.29832
5.00369
5.424
229.988
7.44335
8.39036
6.63087
7.1757
7.2723
5.90812
6.17111
5.83265
8.44536
6.49821
5.03331
4.86656
4.13104
4.77369
6.16435
6.63715
5.64458
3.62659
3.10886
3.76308
5.62198
6.74467
4.00195
2.75228
3.96244
2.49852
2.77566
2.13076
3.70008
40.1048
6.02807
6.23689
5.02029
4.94433
3.41472
4.15173
3.20464
3.34311
2.85499
3.41835
4.06602
3.03595
4.57495
2.16935
3.00764
4.0679
6.43971
5.66814
4.3755
3.92898
3.82913
3.69896
2.05171
8.26007
6.16898
4.90391
6.42514
6.52253
5.90654
4.6017
5.92958
6.64751
4.38629
5.10473
4.90785
6.41936
4.62772
7.77776
7.57038
2.98691
3.72091
3.458
7.43562
3.19028
2.94105
2.7339
6.13101
6.45757
84.5096
5.59258
10.7531
6.53376
6.17844
7.00749
4.77827
5.98748
4.23427
5.00418
3.18825
3.58311
3.60223
3.86069
3.15944
3.87117
213.962
7.64394
6.62946
5.5563
4.05335
3.36995
3.38333
2.27748
1.93326
2.58488
3.31475
3.9697
2.55516
3.15286
2.96572
4.22631
3.76172
4.29311
4.00945
2.28283
43.7318
8.25187
9.35171
5.58433
3.65338
5.23944
4.15033
8.47938
6.61994
9.53797
6.97523
5.25987
4.40386
3.34011
364.801
7.48978
5.53922
8.99703
6.64138
4.82041
4.68253
4.55049
4.3198
4.70519
6.63614
9.43719
8.02158
5.29144
206.788
7.99674
8.74425
3.65219
3.81185
5.18435
6.52904
6.69266
2.8751
4.56501
4.40888
2.92729
4.07362
4.31834
5.64119
6.00265
6.78089
3.91014
3.60574
72.3934
7.61489
7.50988
6.02785
3.64565
7.76403
7.60211
5.99211
7.0398
4.18477
4.85553
7.17289
7.72339
7.12282
4.5346
3.97878
3.83613
3.55552
4.13624
2.80239
118.838
6.55195
7.39829
7.15495
7.62254
7.00289
4.84319
5.32998
7.04171
6.7808
8.19727
8.47672
4.48536
3.54591
2.65642
79.7064
10.7678
8.49329
5.76313
3.29628
4.63837
4.50837
3.5375
4.33562
5.33819
6.26772
4.69289
4.98167
4.09491
2.8659
3.0065
3.3127
2.97508
4.18189
3.54953
3.30559
6.22675
9.35492
4.81081
3.55168
155.644
7.64593
7.5808
7.26489
8.42888
6.99996
7.45559
5.72469
6.11517
4.80816
5.16893
3.27029
3.64185
8.61611
4.36659
8.97902
6.99768
5.82144
7.7294
6.23835
6.90587
5.10943
4.7162
3.6233
4.34545
82.2866
7.86556
8.8214
7.33614
8.79921
7.62526
5.65734
3.99766
4.90987
4.80287
11.3523
3.15546
4.27687
2.05754
3.45294
4.61326
7.96832
6.98418
5.92841
6.02084
4.85407
3.92335
5.5354
6.31169
5.31414
4.77277
4.10757
6.96399
4.95871
5.87464
8.04184
3.15331
3.10047
3.69671
4.31844
4.03976
3.35503
2.69553
54.1972
8.99605
6.3837
6.0964
5.3388
4.8429
3.81897
2.71845
3.49023
2.83407
2.8936
2.63393
7.75707
7.2754
6.11457
5.71572
4.24767
7.18973
4.8004
161.833
6.90889
5.85859
4.68126
3.30076
3.69505
3.96312
2.9538
2.92434
2.5787
2.57152
2.94882
2.19899
3.77927
3.73929
6.61587
3.88255
2.28967
4.07663
2.20811
2.72948
3.21493
2.92823
3.46826
5.59533
5.30068
91.9141
7.00291
6.35186
5.64682
4.25845
2.73802
3.52234
3.15342
3.61748
3.15051
2.82289
2.93724
2.20085
3.1151
2.82103
2.34164
2.30063
2.42906
2.65003
3.49069
2.27842
2.19307
2.96026
2.56036
2.7243
2.95385
2.69692
147.813
7.74475
6.22531
4.176
5.27457
3.9416
2.90273
3.35308
2.49596
2.74445
3.30961
3.10178
2.97381
3.52596
3.4581
3.39493
3.9328
3.17688
2.9053
2.86305
2.68924
3.34881
3.3933
3.50255
2.9112
4.00025
3.21848
2.43015
67.706
8.64143
4.62502
6.68358
4.9892
4.76431
4.05135
3.2349
3.64755
2.7249
3.44301
2.57287
3.59449
4.89113
3.26349
3.59499
3.39577
4.39168
3.83318
4.71062
3.37199
3.13673
3.93825
3.51989
2.85262
3.24975
3.78846
2.61421
3.69368
3.67862
3.72704
2.93738
3.7395
3.87142
2.58324
2.82111
42.3789
8.7059
8.2795
5.07419
4.76062
5.40958
4.48987
3.11533
3.09419
2.69318
2.64591
3.15291
3.19575
3.02171
4.82451
3.71941
3.58777
3.08641
1.98296
216.105
9.19245
6.60828
6.26001
5.44526
4.016
3.79651
3.00125
2.47042
2.75155
2.70001
3.60708
3.15763
2.83435
4.16953
2.90278
3.28586
2.75532
3.21329
3.40105
2.96647
2.10088
2.19581
2489.33
5.50209
7.25995
4.74396
4.47013
3.56227
4.11591
2.84472
3.69472
2.70627
3.11911
2.61812
2.72995
2.41132
2.76174
3.02528
3.04917
3.01227
2.48905
2.56499
2.44463
3.25451
2.13904
2.97148
3.14463
2.9101
2.67273
2.18575
2.52853
3.22721
2.91187
3.0903
3.3735
2.92141
3.08103
2.98746
2.23375
3.081
3.75705
2.38654
2.61903
2.24
2.72638
3.02275
2.89464
3.01338
2.38321
2.59758
2.62642
2.36236
2.6915
2.36434
3.37759
2.82185
2.89991
2.74239
3.01905
2.81242
3.56334
