7.64305
3.15077
2.44665
2.90546
2.50755
1.53563
1.31742
1.30647
1.28228
1.30518
1.28762
1.31033
1.28935
1.28249
1.28868
1.24043
1.25443
1.21329
1.21202
1.23575
1.23731
1.31292
1.29747
1.3093
1.3022
1.29335
1.26509
1.24804
1.30825
1.30788
1.29018
1.25121
1.2593
1.30837
1.30272
1.30581
1.26992
1.22843
1.23676
1.23825
1.25315
1.24575
1.23524
1.26224
1.25371
1.25213
1.25562
1.23689
1.25389
1.26531
1.24001
1.24562
1.31095
1.30223
1.26238
1.24741
1.03651
0.968587
0.967574
0.969911
0.988795
0.972219
0.994476
0.978563
0.974273
1.0324
0.974473
0.98098
0.963798
0.976478
0.966298
0.993578
0.979887
0.986066
0.963434
0.938617
0.977881
1.00242
0.977116
0.953359
0.964186
0.952068
0.971787
0.984841
0.96918
0.944652
0.948738
0.963941
0.995015
0.966352
0.983404
0.978809
0.988338
1.14209
0.987836
0.989152
0.999795
0.993647
1.0409
1.02777
0.97544
0.983781
0.970477
1.01761
0.998315
1.01879
0.999684
1.00551
0.982223
0.989519
0.954294
1.02874
1.01973
0.991904
0.970836
0.993931
0.972688
1.02826
1.00735
1.03641
1.01798
1.01407
1.01027
1.01451
1.06372
1.0272
1.03976
1.03698
1.00068
1.02012
1.00804
1.06739
1.00979
0.991696
0.940781
0.965799
1.02538
1.00758
1.02472
0.995262
1.03019
1.01519
0.997676
1.00914
1.01187
1.00708
1.00882
1.02251
1.01298
1.03687
1.01583
1.0079
1.02336
1.02399
1.04128
0.922325
0.939462
0.935658
0.941252
1.8161
2.75897
2.71837
2.62481
2.74104
2.68552
1.15342
1.10764
1.07162
1.10222
1.08505
1.09329
1.11463
1.07907
1.11226
0.977811
0.980805
1.06053
1.00446
1.00614
0.970297
0.984625
0.997345
1.02698
0.957411
0.945279
1.01183
1.06006
1.03816
1.02413
1.07161
1.01768
1.00691
1.08037
1.02079
1.02282
0.987595
1.02879
1.01756
0.996167
1.01449
1.04791
0.998843
0.997595
1.00609
1.03573
0.968593
0.997707
1.02359
0.908276
0.978504
0.983164
0.938323
0.937868
0.962491
0.920008
0.922675
0.944352
0.936149
0.937564
0.96935
0.938496
0.965997
0.929272
0.93877
0.969106
0.948702
0.921718
0.958856
0.943707
0.924081
0.976086
0.947502
0.934376
0.945575
0.91653
0.970968
0.911508
0.922304
0.909994
0.958216
0.932934
0.922551
0.942834
0.953756
0.953973
0.929911
0.944936
0.920116
0.920763
0.946679
0.917391
0.968135
0.94886
0.94297
0.942272
0.951434
0.945218
0.937612
0.96304
0.977579
0.982521
0.96522
0.981829
1.00017
0.976613
0.955789
1.00367
0.977023
1.01314
1.00815
0.958032
0.958868
0.928498
0.937715
0.923304
0.909548
0.924766
0.943731
0.983476
0.971571
0.981432
0.948142
0.979755
0.986272
0.968674
1.67934
2.21885
2.22668
2.19059
2.28635
1.6667
0.962657
0.929605
0.93685
0.976776
0.947397
0.968909
0.944613
0.937173
0.956587
0.995922
0.964191
0.971981
0.929282
0.947977
0.944939
0.950785
0.952398
0.955961
0.939286
0.92863
0.957901
0.946839
0.944522
0.936244
0.948118
0.939704
0.951544
0.922752
0.948878
0.946969
0.945831
0.934277
0.95006
0.938526
1.29581
1.46319
2.17404
2.05646
1.847
1.59259
1.5737
1.58855
1.52793
1.54426
1.48795
0.960173
0.943984
0.926842
0.94788
0.947207
0.997573
0.939291
0.944296
0.963909
0.947023
0.956805
0.954144
0.926931
0.926973
0.946532
0.967351
0.954224
0.932226
0.945313
0.950354
0.947351
0.91632
0.970231
1.52633
1.04364
0.958547
1.14759
1.26896
1.26757
1.19112
1.19699
1.21011
1.2238
1.2269
1.22426
1.22566
1.23035
1.22779
1.21182
1.22584
1.21938
1.24759
1.2271
1.20406
1.21042
1.21305
1.24344
1.2341
1.24573
1.2469
1.26742
1.26959
1.26524
1.25945
1.27447
1.27132
1.27476
1.28983
1.80076
2.25591
2.12925
2.00826
2.02965
2.03891
2.05579
1.40301
0.933575
0.92549
0.931764
0.950865
0.92989
0.972351
0.935736
0.935775
0.925322
0.961316
0.959816
1.2694
1.26976
1.24236
1.22964
1.21359
1.19881
1.23047
1.21261
1.19445
1.24066
1.2209
1.2016
1.20544
1.19507
1.17776
1.29008
1.24822
1.22548
1.20127
1.22247
1.22313
1.2105
1.23931
1.26003
1.24392
1.21153
1.2419
1.23323
1.22381
1.2265
1.21002
1.20247
1.2331
1.23757
1.24336
1.23136
1.21999
1.25711
1.22002
1.21386
1.00307
0.93591
0.943695
0.947195
0.934977
0.912817
0.953801
0.921153
0.926584
0.963168
1.04104
1.01103
0.997842
0.973653
0.977486
0.967341
1.23674
0.923292
0.934598
0.959887
0.928455
0.912266
0.934281
0.927572
0.921808
0.925678
0.931106
0.928499
0.938058
0.924814
0.930859
0.925386
0.927937
0.930743
0.935501
0.94521
0.931566
0.929603
0.9587
0.945884
0.943228
0.954273
0.971113
0.938845
0.993203
0.962931
0.948678
0.93393
1.00954
0.946193
0.967731
0.946766
0.946402
0.98837
0.977862
0.944456
0.974879
0.953273
1.01583
1.00315
0.999817
0.9542
1.00888
0.984416
1.01024
0.968263
0.992546
0.998111
0.987705
0.992842
0.990033
0.98685
0.980052
0.998986
0.95557
0.983833
0.993224
0.979306
0.973644
0.979629
0.992258
1.00614
0.976679
0.953307
0.950339
0.917957
0.941139
0.949835
0.939812
0.950331
0.935885
0.923709
0.953683
0.945977
0.906729
0.90492
0.913372
0.971751
1.02712
1.34948
1.70015
2.52393
2.42511
2.4603
2.45269
2.15478
1.01981
1.06196
1.0457
0.99396
0.980396
0.957401
0.921101
0.903605
0.926669
0.95088
0.909816
0.956733
0.947868
0.9404
0.93107
0.954559
0.961866
0.948632
0.946086
0.916587
0.931132
0.914177
0.938081
0.927245
0.9003
0.925555
0.969939
0.975302
0.999313
0.986756
0.974445
0.945503
0.927041
2.49122
2.50418
2.40267
1.52483
1.06436
1.09542
0.998934
1.46547
1.74284
1.77939
1.62335
1.31355
0.987951
1.09605
1.92328
1.67303
1.69257
1.65015
1.00334
0.98003
1.42377
1.68928
1.6769
1.28703
1.20101
1.434
1.50753
1.33406
1.33133
1.28817
1.3399
1.30971
1.31175
0.981479
0.948894
0.953429
0.926402
0.958815
0.918641
0.937094
0.957171
0.899495
0.910979
0.913441
0.946685
0.950977
0.932425
0.937152
0.956135
0.942869
0.958479
1.132
0.938554
0.975894
0.946507
0.935359
0.933514
0.969056
0.968846
0.926256
0.940219
0.919272
0.924641
0.949373
0.913783
0.927933
1.0085
0.978704
1.02425
0.980745
0.937205
0.959483
0.943543
0.933504
0.940356
0.912199
0.935542
0.923989
0.939353
0.948056
0.928505
0.896205
0.935353
0.924513
0.927368
0.955527
0.946456
0.960606
0.971108
1.37691
1.26078
1.27551
1.229
1.24815
1.03657
0.920479
0.922304
0.932041
0.926759
0.932282
0.93457
0.931659
0.95219
0.947186
0.924786
0.922616
0.923423
0.942047
0.967276
0.965752
0.963291
0.943452
0.925078
0.941283
0.939883
0.97277
0.946191
0.935273
0.944704
0.935502
0.907497
0.92041
0.925845
0.927173
0.922013
0.942813
1.30263
1.27266
1.35966
1.30889
1.28986
1.27789
1.28801
1.26039
1.12965
1.22651
1.47262
1.30092
2.65177
2.43774
1.70841
1.69891
1.60953
1.6642
1.61065
1.44985
1.00037
0.942772
0.969269
0.932746
0.966048
0.945157
0.954269
0.933364
0.983467
0.962102
0.947878
0.970214
0.954198
0.942043
0.966252
0.939122
0.931861
0.948379
0.934453
0.973711
0.9501
0.946018
0.949694
0.95282
0.963327
0.9511
0.939768
0.95756
0.955235
0.931447
0.960383
0.93382
0.94832
0.943364
0.945045
0.982216
0.967156
0.93512
0.944316
0.955714
0.948964
0.951714
0.955274
0.971564
0.966431
0.950418
0.948702
0.991137
0.930895
0.952137
0.923346
0.950879
0.952769
0.955302
0.979238
0.909671
0.958576
0.952338
0.958583
0.959596
0.966098
0.972472
0.94698
0.939618
0.933215
0.931688
0.945153
0.958461
0.943739
0.973789
0.94572
0.970745
0.961527
0.944907
0.954716
0.952677
0.947755
0.949929
0.954674
0.934653
0.969187
0.950637
0.951626
0.938473
0.950753
0.984162
0.959306
0.951293
0.970658
0.960368
0.929167
0.93481
0.98996
0.980891
1.03889
0.934814
0.953321
0.955302
0.942099
0.93108
0.96772
0.928429
0.943845
0.988379
0.947251
0.955365
0.93212
0.93958
0.937783
0.945683
0.976658
0.945671
0.952081
0.963618
0.972237
0.978521
0.942307
0.92759
0.955422
0.94736
0.962754
0.948937
0.956238
0.971145
0.961491
0.952451
0.938729
0.969133
0.971552
0.95459
0.971237
0.978364
0.947858
0.949919
0.958206
0.93754
0.983941
0.968835
0.927656
0.977307
0.951803
0.933272
0.965663
0.950556
0.939094
0.94372
0.960359
0.929464
0.955955
0.949611
0.962108
0.94988
0.932967
0.959031
0.935343
0.952478
0.977171
0.950557
0.948165
0.957568
0.95941
0.964139
0.952738
0.926344
0.954744
0.944952
0.933278
0.941053
0.956073
0.952815
0.962767
0.940626
0.951905
0.960417
0.953834
0.96029
0.935197
0.944148
0.980982
0.925086
0.941577
0.963872
0.951097
0.939609
0.943131
0.947462
0.973906
0.952752
0.977061
0.957945
0.943156
0.97893
0.946664
0.942951
0.952321
0.962833
0.925815
0.952934
0.959244
0.971773
0.946232
0.932041
0.958809
0.976078
0.958308
0.948168
0.934573
0.950419
0.935725
0.962445
0.952486
0.962425
0.962259
0.95089
0.946272
0.953752
0.941444
0.957926
0.958736
0.95086
0.958936
0.936479
0.952242
0.94147
0.940845
0.977406
0.941759
0.951618
0.962637
1.01494
0.941503
4.63198
0.948529
0.959337
0.958697
0.939121
0.961809
0.92304
0.928744
0.935805
0.948126
0.949209
0.953671
0.940328
0.956595
0.984503
0.937039
0.949848
0.979093
0.945009
0.929363
0.945533
0.945843
0.960077
0.930114
0.947827
0.938772
0.956059
0.948489
0.957913
0.946967
0.955071
0.937647
0.925408
0.991825
0.963901
0.946472
0.949969
0.938962
0.950209
0.941968
0.945838
0.941757
0.969431
0.93272
0.95398
0.9791
0.927003
0.943207
0.949418
0.938278
0.954377
0.950747
0.950427
0.940784
0.922658
0.959101
0.961054
0.931858
0.968531
0.946766
0.957648
0.918734
0.952531
0.934034
0.954374
0.945859
0.941103
0.982915
0.948627
0.935106
0.957946
0.948011
0.947713
0.959445
0.935457
0.946434
0.945285
0.945852
0.958321
0.950216
0.946824
0.962805
0.947874
0.945705
0.955952
0.946298
0.944582
0.925094
0.952862
0.955935
0.932484
0.933887
0.949666
0.948593
0.944185
0.958666
0.958982
0.962639
0.962546
0.942744
0.907189
0.961438
0.95355
0.935207
0.953749
0.945664
0.936891
0.960013
0.947995
0.949494
0.925252
4.65982
0.984999
0.955538
0.932796
0.92167
0.954637
0.960663
0.943431
0.938048
0.952918
0.94107
0.965583
0.957188
0.949514
0.950018
0.973238
0.955968
0.956738
0.946469
0.952384
0.956405
0.949488
0.949357
0.95972
0.946868
0.953712
0.922892
0.940321
0.912924
0.908886
0.94522
0.943628
0.933905
0.965293
0.929623
0.945793
0.963966
0.97623
0.949208
0.96293
0.967164
0.963862
0.943058
0.962364
0.929709
0.957926
0.950734
0.924189
0.974333
0.950073
0.960833
0.932758
0.928832
0.95589
0.928841
1.10549
0.961695
0.959356
0.952894
0.949239
0.914714
0.944826
0.970562
0.94949
0.913221
0.953331
0.952549
0.935891
0.949338
0.970901
0.984272
0.91404
0.961814
0.955729
0.951738
0.934021
0.943248
0.927679
0.929122
0.988418
0.951523
0.967365
0.951346
0.975778
0.964816
0.954307
0.943703
0.941388
0.946051
0.947394
0.966306
0.951092
0.96079
0.949312
0.92923
0.975721
0.92909
0.948423
0.955079
0.947359
0.95616
0.969934
0.938327
0.945609
0.956012
0.953156
4.03168
0.944209
0.935227
0.965622
0.971224
0.948078
0.974254
0.950456
0.937226
0.95927
0.950135
0.946306
0.94029
0.952802
0.9431
0.945075
0.952848
0.968247
0.914255
0.961633
0.954201
0.920632
0.947181
0.995215
0.936604
0.949913
0.967672
0.944115
0.94996
0.955233
0.944233
0.955234
0.94976
0.947325
0.952432
0.963309
0.94926
0.958178
0.946239
0.958031
0.945718
0.9329
0.954579
0.948163
0.911349
0.896514
0.954254
0.946033
0.941912
0.92274
0.94163
0.914619
0.9625
0.927789
0.94326
0.960876
0.972219
0.962245
0.921746
0.947482
0.960141
0.949204
0.942001
0.933849
0.970592
0.953609
0.960343
0.944232
0.916981
0.950127
0.951694
0.96485
0.938395
0.96471
0.98669
0.980725
0.901448
0.959058
0.958609
0.941435
0.94638
0.939867
0.930144
0.942575
0.966957
0.94923
0.929928
0.956337
0.947646
0.911033
0.948623
0.985799
0.976032
0.958782
0.947261
0.968198
0.948531
0.946906
0.95978
0.932614
0.933184
0.941092
0.919527
0.95573
0.953928
0.947831
0.96478
4.70348
0.963548
0.955505
0.952324
0.955053
0.94496
0.933968
0.958553
0.967562
0.975226
0.94251
0.941961
0.934861
0.994472
0.909468
0.989951
0.956738
0.932005
0.947802
0.946562
0.95522
0.94966
0.944762
0.941705
0.917059
0.890432
0.91479
0.92068
0.921244
0.90408
0.9224
0.907839
0.910491
0.927634
0.928252
0.897947
0.909185
0.91023
0.919269
0.902008
0.936089
0.948818
0.97092
0.931738
0.952012
0.930949
0.918448
0.966935
0.898364
0.91401
0.917746
0.911445
0.926406
0.946901
0.936374
0.952795
0.94897
0.968633
0.946006
0.935057
0.932992
0.960313
0.924355
0.951426
0.95359
0.949503
0.947906
0.974049
0.910405
0.927021
0.904917
0.900741
0.957649
0.963657
0.947764
0.963477
0.949143
0.933079
0.972056
0.91467
0.92166
0.913252
0.895452
0.924158
0.91758
0.902545
0.917419
0.902562
0.908415
0.952403
0.9236
0.942126
0.945154
0.936424
0.964485
0.913879
0.905848
0.931833
0.95737
0.884376
0.951931
0.916362
0.941979
0.944383
0.959704
0.939208
0.945229
0.931884
0.942156
0.934497
0.916738
0.925753
0.898377
0.915678
0.923295
0.958616
0.958125
0.917982
0.919303
0.924539
0.889093
0.905697
0.904502
0.913939
1.28001
0.91384
0.909421
0.922047
0.910889
0.910524
0.964263
0.917314
0.915307
0.933031
0.904691
0.934526
0.963384
0.952608
0.953319
0.950545
0.933271
0.966453
0.926873
0.902766
0.905195
0.929458
0.913266
0.941725
0.911943
0.920668
0.912075
0.915743
0.914944
0.948082
0.903591
0.907771
0.920661
0.91194
0.915429
0.905255
0.9185
0.959698
0.978549
0.953861
0.959222
0.952635
0.924267
0.917355
0.954146
0.958859
0.956339
0.966597
0.964579
0.919639
0.970474
0.961227
0.944085
0.929971
0.949494
0.901906
0.92802
0.917843
0.982354
0.942643
0.944583
0.903523
0.915628
0.91881
0.913126
0.927956
0.922016
0.921771
1.00136
0.935822
0.949732
0.937169
0.970793
0.946217
0.95061
0.956965
0.952179
0.965337
0.954241
0.967152
0.947679
0.920181
0.913967
0.972555
0.957481
0.953835
0.953
0.956318
0.959428
0.946776
0.922031
0.908937
0.899687
0.936322
0.914392
0.944499
0.928693
0.924064
0.911103
0.921309
0.929612
0.95572
0.969709
0.964213
0.929327
0.922556
0.93173
0.956304
0.961747
0.965068
0.956722
0.944976
0.950273
0.932954
0.942371
0.949375
0.943063
0.945018
0.926573
0.894706
0.946016
0.967986
0.971329
0.926141
0.962204
0.930554
0.969657
0.935387
0.915464
0.886689
0.888912
0.924197
0.98617
0.98187
0.947565
0.936813
0.91767
0.941916
0.940519
0.932112
0.956469
0.930666
0.962052
0.96877
0.944781
0.966229
0.917363
0.955111
0.959007
0.973271
0.917946
0.919975
0.952866
0.977464
0.959189
0.952647
0.919093
0.941169
0.905882
0.956737
0.964104
0.920714
0.954644
0.957538
0.930881
0.954887
0.961471
0.910952
0.972518
0.954171
0.984767
0.957243
0.94844
0.942623
0.953337
0.929777
0.911854
0.959163
0.933283
0.937537
0.949117
0.918161
0.911614
0.947836
0.947171
0.909789
0.941527
0.961346
0.946302
0.942281
0.943876
0.963174
0.912507
0.971192
0.935577
0.948461
0.940894
0.926843
0.94995
0.928494
0.929205
0.941523
0.968987
0.958554
0.956678
0.956761
0.943992
0.970833
0.901219
0.905451
0.921008
0.90442
0.914285
0.919103
0.919385
0.921191
0.915293
0.916928
0.931078
0.947477
0.915162
0.943826
0.928402
0.900876
0.971778
0.935821
0.991977
0.995565
0.923489
0.986264
0.931422
0.962537
0.959521
0.937321
0.916678
0.97688
0.950951
0.945922
0.959463
0.948658
0.952869
0.902889
0.923094
0.94685
0.908719
0.891247
0.944027
0.944276
0.940544
0.952408
0.961623
0.963545
0.932859
0.925318
0.952318
0.948573
0.948902
0.968979
0.937034
0.948054
0.958091
0.957393
0.963913
0.947041
0.965818
0.964494
0.959317
0.953431
0.95589
0.933724
0.948599
0.988207
0.941849
0.919822
0.923747
0.919613
0.893079
0.916789
0.920531
0.926695
0.935202
0.946919
0.958122
0.949153
0.930108
0.944803
0.914583
0.938953
0.944206
0.937957
0.927697
0.993893
0.983781
0.960477
0.933908
0.914741
0.970921
0.956655
0.956432
0.936942
0.935047
0.96405
0.94794
0.959838
0.940914
0.940466
0.952842
0.94803
0.935951
0.938058
0.972221
0.964575
0.957268
0.935552
0.944363
0.981857
0.948083
0.932438
0.973983
0.930857
0.946262
0.967904
0.96349
0.966357
0.987503
0.95218
0.94866
0.961035
0.956142
0.951514
0.96022
0.982393
0.964576
0.932911
0.932154
0.929826
0.915994
0.940074
0.966474
0.938652
0.948342
0.946626
0.993981
0.936886
0.956229
0.959364
0.949175
0.953384
0.933607
0.952838
0.952395
0.942157
0.977194
0.93257
0.946687
0.987614
0.962992
0.938192
0.944652
0.954908
0.952253
0.951103
0.95729
0.993221
0.935789
0.938469
0.948988
0.972837
0.990866
0.990559
0.909367
0.974196
0.927824
0.929402
0.937718
0.92935
0.934658
1.00968
0.967242
0.899965
0.92438
0.914882
0.97961
0.915519
0.938905
0.922647
0.899132
0.917054
0.980947
0.929528
0.933558
0.958831
0.949921
0.96581
0.948454
0.965214
0.971852
0.957844
0.963642
0.904961
0.947706
0.916919
0.91879
0.90451
0.965283
0.929481
0.909618
0.960494
0.951559
0.949587
0.937502
0.912398
0.924975
0.936284
0.927963
0.971595
0.937343
0.970184
0.899675
0.929927
0.914754
0.903864
0.929589
0.905223
0.968047
0.95362
0.954166
0.984545
0.935716
0.935826
0.924827
0.970332
0.930664
0.957772
0.915232
0.940004
0.949747
0.931316
0.966164
0.930776
0.970577
0.962069
0.943324
0.948241
0.952959
0.971173
0.953606
0.997849
0.936154
0.955168
0.953494
0.951827
0.954861
0.942492
0.95829
0.957335
0.938035
0.956133
0.934879
1.08475
0.941859
0.944448
0.964494
0.945378
0.950422
0.947327
0.943084
0.969175
0.969114
0.946957
0.928509
0.943496
0.939226
0.957279
2.69784
2.5437
1.94968
1.45772
1.44066
1.42447
1.57917
1.89146
2.29305
2.09042
2.00526
2.05064
2.08387
1.45996
0.97102
0.940209
0.954133
0.991369
0.950319
0.960042
0.964011
0.95893
0.929491
0.958719
0.988221
0.970327
2.87809
2.66476
2.57624
1.8307
1.57219
1.55395
1.59278
1.50879
1.60066
1.09065
1.00734
1.03793
1.0471
1.04503
1.07161
1.01659
1.04807
0.984859
1.12872
1.28995
1.28873
1.32908
1.2254
1.21758
1.22327
1.28514
1.28919
1.23311
1.26686
1.26079
1.26214
1.23801
1.23349
1.31032
1.2573
1.21528
1.17743
1.25278
1.24701
1.2745
1.23028
1.21064
1.20691
1.22772
1.26742
1.23534
1.25327
1.25657
1.26755
1.23356
1.26669
1.27548
1.21758
1.28128
1.28949
1.2352
1.24513
1.26518
1.23223
1.21894
1.21809
1.23951
1.21197
1.18501
1.24954
1.22918
1.27159
2.21665
2.5354
2.57763
2.57176
1.3889
1.29847
1.28463
1.29042
1.25534
1.3275
1.58794
1.20478
1.03673
0.970718
0.973736
2.37219
