8.51212
3.90393
3.62646
2.57105
2.53179
1.51363
1.18227
1.15982
1.19853
1.19722
1.17999
1.16911
1.19414
1.20513
1.02129
0.935685
0.983771
0.930361
0.934475
0.919519
0.944918
0.915752
0.926935
0.928925
0.926365
0.934732
0.951195
0.960584
0.952301
0.983749
0.940178
0.958322
0.929582
0.906488
0.998809
0.947181
0.999807
0.948794
0.932271
0.945364
0.966282
0.938731
0.935872
0.95186
0.979301
0.945008
0.957033
0.938795
0.941435
0.945667
0.975614
0.927178
0.932183
0.917396
0.947953
0.956034
0.938518
0.957587
0.960154
0.951436
0.956634
0.937611
0.946845
0.938646
0.962002
0.944809
0.963843
0.934865
0.941499
0.922537
0.920433
0.984427
0.952382
0.93988
0.961975
0.948653
0.976612
0.978214
0.956606
0.991162
0.941548
0.932598
0.946959
0.940388
0.958009
0.974776
0.933083
0.986045
0.965138
0.932742
0.91241
0.928623
1.0281
0.95168
0.930674
0.948963
0.95141
0.906444
0.955882
0.968721
0.951911
0.944687
0.919446
0.902896
0.960202
0.953343
0.934813
0.950566
0.945624
0.967133
0.9595
0.955615
0.958774
1.03931
0.969658
0.956081
0.961899
0.946455
0.941384
0.94508
0.941935
0.960975
0.947885
0.940144
0.944622
0.97594
0.957144
0.986908
0.939609
1.02342
0.990585
0.93634
0.998098
1.07715
0.95322
0.981985
0.943204
0.919086
0.935688
0.950634
0.939261
0.949908
0.966735
0.920431
0.938279
0.92128
0.941273
0.942267
0.946874
0.95946
0.973257
0.928726
0.905449
0.930551
0.982184
0.955966
0.92982
0.916357
0.945864
0.909426
0.91714
0.93768
0.922349
0.942004
0.943692
0.954225
0.9265
0.928304
0.923602
0.943925
0.941389
0.987035
0.963574
0.956742
0.936381
0.965018
0.999457
0.981893
1.01253
0.991304
0.961201
1.02366
0.988239
1.03479
0.984109
0.993679
1.02274
0.981354
0.999248
1.01944
1.00833
1.0625
0.991375
0.979486
0.979846
0.99289
0.911436
0.966452
0.94276
0.897409
0.987415
0.976916
0.954286
0.922615
0.908509
0.914831
0.970921
0.954274
0.961916
0.950188
0.959082
0.943793
1.02184
0.965031
0.945951
0.945303
0.948504
0.951186
0.93838
0.905739
0.952302
0.97406
0.969159
0.943119
0.949559
0.985241
0.914662
0.933932
0.963056
0.955507
0.986219
0.96519
1.05139
1.06219
1.01642
1.01456
0.98454
0.995412
0.976569
1.01736
1.02625
0.953259
0.931976
0.934012
0.803003
0.910332
0.956083
0.921868
0.896128
0.884607
0.935539
0.895058
0.917278
0.892498
0.904466
0.924348
0.917215
0.820938
0.828314
0.953082
0.902791
0.91035
0.897127
0.928144
0.930033
0.95094
0.984945
0.964758
0.873961
0.882085
0.880271
0.886613
0.85769
0.876942
0.965173
1.04665
1.00454
0.961925
0.936395
0.950509
0.977021
0.998657
1.07932
1.04453
0.962318
0.930685
0.95049
1.00886
0.939084
0.884556
0.902327
0.889189
0.882495
0.896708
0.998642
0.989515
0.965231
1.03833
1.01639
0.891357
0.918259
0.963195
1.01254
0.977594
1.03529
0.98343
0.926638
0.956009
1.00039
0.899349
0.931145
0.911302
0.905817
0.928329
0.871087
0.898217
0.913021
1.08829
1.04326
0.990977
0.91014
0.883089
0.991572
1.00546
0.998461
0.926478
0.904835
0.873179
0.931727
1.00022
0.980122
0.961527
0.890475
0.89736
0.892981
0.912294
0.988507
0.965684
1.02403
1.01989
0.970818
0.879426
0.93399
0.948229
1.01693
0.960032
0.920214
0.91645
0.908618
0.979369
0.981671
0.92241
0.902477
0.904712
0.880421
0.915241
0.912996
0.902832
0.920603
0.953607
1.00518
1.0249
0.960701
0.947466
0.976248
0.995095
0.946953
0.945819
0.962736
0.92576
0.973776
1.00352
0.977913
0.898999
0.91197
0.934027
0.883632
0.907229
0.907572
0.911283
0.937198
1.06853
1.02501
1.04587
1.01805
0.998249
0.98233
1.05652
0.941081
0.979867
0.873709
0.920891
0.979249
0.931047
0.885569
0.904621
0.906697
0.937515
1.01524
0.994093
1.01497
1.0107
1.01256
1.83678
2.53928
1.37385
0.973974
0.967101
0.970431
0.966954
0.971472
0.947877
0.952402
0.950493
0.948944
0.951104
0.958304
0.962436
0.951982
0.935999
0.952279
0.958052
0.985867
0.962538
0.92746
0.951808
0.954157
0.936075
0.956245
0.942219
0.938351
0.938615
0.950323
0.948174
0.952919
0.950253
0.93162
0.959621
0.935302
0.959385
0.951572
0.961293
0.949995
0.947858
0.931643
0.935943
0.952054
0.944578
0.957
0.931762
0.927873
0.954717
0.965365
0.972572
0.995494
0.953779
0.97447
0.940898
0.948802
0.946704
0.954455
0.915615
0.932773
0.954754
0.919987
0.97228
0.935606
0.95118
0.936495
0.961912
0.956313
0.954877
0.945919
0.962835
0.946789
0.952298
0.969845
0.936431
0.944417
0.97579
0.984714
0.958773
0.937848
0.936434
0.960198
0.983552
0.935946
0.923667
0.958011
0.937617
0.958539
0.950344
0.952565
0.991302
0.943515
0.941234
0.955953
0.934478
0.99626
0.962178
0.975904
0.958018
0.950222
0.94221
0.968199
0.946545
0.949331
0.948726
0.946214
0.938064
0.975926
0.946481
0.94912
0.951892
0.926404
0.960193
0.999501
0.948624
0.958995
0.970372
0.941231
0.951955
0.96617
0.933743
0.968595
0.952336
0.929809
0.950401
0.944001
0.987633
0.943348
0.959022
0.946711
0.937616
0.954043
0.947726
0.946553
0.943684
0.959673
0.924094
0.940597
0.977276
0.949716
0.952741
0.926933
0.960601
0.949173
0.986179
0.989143
0.978833
0.946009
0.949485
0.958538
0.946227
0.94407
0.959473
0.968286
0.955962
0.941647
0.934939
0.940707
0.941538
0.929458
0.955655
0.934936
0.937232
0.969091
0.950405
0.954536
0.916975
0.953311
0.930808
0.948982
0.943454
0.942977
0.93389
0.960037
0.951592
0.949621
0.999935
0.950227
0.936321
0.961501
0.919006
0.966073
0.956202
0.927592
0.935737
0.951419
0.928002
0.950157
0.940596
0.946754
0.945087
0.955438
0.934812
0.969002
0.961078
0.950408
0.925628
0.958169
0.948334
0.961086
0.946664
0.932124
0.949542
0.9513
0.946487
0.955471
0.932281
0.974502
0.936034
0.945964
0.947635
0.957965
0.930259
0.952403
0.971917
0.945961
0.963978
0.955643
0.928724
0.960116
0.937199
0.938198
0.952342
0.949244
0.946304
0.96901
0.940702
0.948016
0.929342
0.936526
0.956092
0.945963
0.954038
0.936247
0.936494
0.933697
0.958561
0.94096
0.905215
0.982298
0.95174
0.939522
0.933535
0.938841
0.957821
0.951175
0.936531
0.956335
0.928871
0.951383
0.94809
0.947167
0.972724
0.982036
0.947067
0.947241
0.981407
0.95418
0.967046
0.943873
0.944473
0.94134
0.956647
0.951673
0.951681
0.931799
0.946511
0.949571
0.939131
0.958774
0.984912
0.96589
0.959035
0.940286
0.950938
0.957483
0.938458
0.951391
0.928967
0.950414
0.955737
0.944949
0.930274
0.951742
0.957126
0.896032
0.961875
0.948818
0.952014
0.929013
0.928106
0.955632
0.953404
0.946425
0.947051
0.955538
0.937943
0.947451
0.940223
0.948404
0.95518
0.955064
0.971966
0.944656
0.950026
0.967864
0.963541
0.933311
0.971456
0.95187
1.03505
0.987897
0.966177
0.942714
1.06887
1.18293
0.936916
0.92158
0.915683
0.940609
0.925502
0.92043
0.967849
0.916447
0.950765
0.946453
0.923216
0.943383
0.935564
0.918765
0.963042
0.906396
0.943251
0.947916
0.960844
0.951708
0.948034
0.955788
1.04051
0.966511
0.970321
1.01361
0.96737
0.935657
0.945818
1.03093
1.11437
1.07335
1.11216
1.09887
1.1077
1.08881
1.11668
1.08868
1.07188
0.983522
1.01069
1.18812
1.3053
1.33281
1.31357
1.38104
1.23438
0.990787
1.00017
0.969492
0.98771
0.969923
0.984665
0.974191
1.02116
0.986832
1.25677
0.971469
0.955045
1.02779
1.00579
0.950107
0.94181
0.941276
0.935443
0.947679
0.930839
0.943397
0.983546
0.94398
1.00977
0.960043
0.957044
0.974998
0.975766
0.954295
0.973716
0.958562
0.942858
0.948724
0.985313
0.941836
0.962921
0.919526
0.945535
0.945046
0.927523
0.945568
0.951896
0.937657
0.964564
1.07362
1.07654
1.07863
1.09407
1.03337
1.06214
1.03244
0.964368
0.917006
0.940415
1.01048
0.962585
0.921166
0.925891
0.953666
0.941316
0.92105
0.976858
0.938411
0.975604
0.996585
1.01778
0.941427
0.939041
0.937188
0.951947
0.923336
0.951078
0.974572
0.931867
0.962526
0.950987
0.91315
0.915379
0.946322
0.946898
0.961221
0.938021
0.930833
0.938135
0.945887
0.951426
0.957556
0.956189
0.948627
0.975658
0.969286
0.950386
0.956277
0.967104
0.957906
0.951503
0.955773
0.907109
0.958037
0.951502
0.949201
0.956963
0.966494
0.952229
0.95852
0.950222
0.95191
0.975032
0.951637
0.953623
0.928453
0.957335
0.937807
0.959377
0.950123
0.96822
0.958164
0.963895
0.959405
0.946165
1.03125
1.28358
0.939452
0.985801
0.905098
0.928391
1.35608
1.65959
1.62071
1.65268
1.6534
1.27624
1.01181
0.967057
0.969583
0.97011
0.970845
0.959017
0.964993
0.961422
0.971624
0.961165
0.942781
0.941554
0.924937
0.944505
0.903195
0.928841
0.935162
0.971037
0.933662
0.950824
0.94759
0.938959
0.933328
0.92964
0.933889
0.942353
0.93002
0.924924
0.92891
0.910734
0.956304
0.920178
0.946016
0.997351
0.960454
0.929327
0.944863
1.26084
0.94068
0.914777
0.974363
1.59547
1.46293
1.47281
1.46643
1.46938
1.47837
1.37931
0.98327
1.29214
0.992043
0.959469
0.93461
0.945773
0.951098
0.956458
0.92729
1.21495
1.37011
1.41786
2.41364
1.99236
1.94446
1.45354
1.24114
0.990418
2.36869
2.42287
2.28738
1.57535
1.6208
1.56617
1.56358
1.56266
1.52932
1.00856
0.9531
0.94159
0.97982
0.949285
0.951894
0.919954
0.933823
0.945325
0.95437
0.931906
0.977799
0.953299
0.938317
0.935847
0.924503
0.930731
0.936124
0.957155
0.948398
0.957119
0.944914
0.944067
0.952834
0.951355
0.957712
0.953456
0.953322
0.931486
0.917657
0.93531
0.944422
0.930699
1.2109
2.32131
2.2585
2.28499
1.36751
1.13508
1.16732
1.15035
1.11478
1.12702
1.23254
1.17724
1.0905
1.02834
0.933409
0.928666
0.941186
0.93451
0.933031
0.948089
0.94563
0.944465
0.935484
0.949343
0.981695
0.999784
0.967259
0.963763
0.974309
0.943043
0.95051
0.952079
0.954144
0.967713
0.993672
0.956922
0.978522
0.980405
0.929719
0.965818
0.967062
1.25543
0.932585
0.936565
0.91892
3.9775
0.933198
0.933626
0.932319
0.912886
0.926197
0.952097
0.929704
0.938619
0.94354
0.99927
0.978063
0.999999
1.00306
0.996775
0.969319
1.00443
1.00606
0.963107
1.01656
0.976219
0.991218
0.987886
0.950486
0.990245
1.0567
1.01181
0.988295
1.01351
0.994771
0.975079
0.988044
0.982063
0.99483
0.969606
0.981821
1.03998
1.00272
0.977592
1.01732
0.978682
1.2369
1.20148
1.21527
1.22134
1.21438
1.23293
1.25336
1.2665
1.26553
1.28509
1.25381
1.27014
1.28272
1.2678
1.2588
1.24564
1.28344
1.2991
1.26102
1.211
1.24556
1.22688
1.73958
1.68955
1.68915
1.78283
1.66185
1.1193
0.93695
0.936416
0.921183
0.937811
0.932966
0.937718
0.956693
0.946432
0.939079
0.958618
0.973711
0.969188
0.999123
0.982972
0.980813
0.98371
0.97532
0.971705
0.966658
0.968093
0.993179
0.95758
0.995368
0.995571
1.01919
0.997085
0.976633
1.01098
0.990646
4.5719
1.03925
0.997323
1.02428
1.0086
0.992615
0.964204
0.978309
1.2145
1.36494
0.997212
1.01156
0.997357
0.990966
0.979106
0.973985
0.991227
0.993407
0.969125
0.957007
0.949761
0.976179
0.967423
0.974037
0.973538
0.989517
0.959021
0.93596
0.990977
0.959554
1.00905
0.985524
0.985571
0.997493
0.957742
0.972108
0.977766
1.0802
1.00501
0.992601
0.990052
0.987804
0.973404
1.00952
0.997637
0.979724
0.978801
1.01791
0.979218
0.982868
0.976415
0.959692
0.986422
0.984445
0.986186
0.977199
0.961952
0.920369
0.986454
0.970638
1.05749
0.970249
0.965862
0.937577
0.971289
0.938353
0.933925
0.922186
0.954227
0.961337
0.96529
0.940668
0.952323
1.02907
0.998469
0.975436
0.961383
0.992275
1.02076
0.99838
0.993853
0.984852
1.09344
1.39668
1.39056
1.35839
1.31338
0.997047
1.01691
1.00466
0.981775
2.40516
2.70816
2.58285
5.65599
2.53903
1.78368
1.59577
1.57055
1.58065
1.55659
1.56126
1.26725
1.01391
0.977353
0.984361
1.02193
0.996431
1.03867
2.6105
2.55119
2.53062
2.55786
2.50146
1.4051
1.31529
1.30847
1.28864
1.26724
1.30214
1.29664
1.27627
0.960525
1.04036
0.996631
0.984557
0.954226
1.01597
0.973516
0.993083
1.00969
0.992501
0.988772
1.01387
1.02126
0.993733
1.00563
0.961417
0.929033
0.948389
0.978712
0.987019
0.979143
0.980582
0.971124
0.948972
0.962457
0.958932
0.938705
0.961265
0.933908
0.917984
0.96747
0.945728
0.947629
0.963152
0.964752
0.947293
0.946921
0.929724
0.94754
0.967696
0.953106
0.983707
0.987167
0.985747
0.956364
0.98773
0.985814
0.998029
0.959952
0.951899
0.943822
0.970824
0.946868
0.947655
0.954628
0.958018
0.964947
0.946515
0.958035
0.939601
0.950627
3.23642
1.02219
0.953678
0.957756
0.939424
0.942135
0.991283
0.95554
0.976912
0.952132
0.939572
0.936521
0.958021
0.930308
0.959847
0.979157
0.949599
0.93797
0.937646
0.95878
0.96823
0.989326
0.943059
0.932819
0.91426
0.929998
0.923215
0.937742
0.928298
0.917342
0.934238
0.915327
0.91913
0.901311
0.900327
0.908006
0.90124
0.922878
0.918135
0.93901
0.967933
0.91931
0.946126
0.959027
0.931726
0.934889
0.939166
0.909916
0.905859
0.917861
0.912731
0.950775
0.925377
0.952588
0.958127
0.965404
0.959323
0.947462
0.944703
0.959408
0.947989
0.951854
0.97642
0.968439
0.951175
0.948772
0.957559
0.952148
0.909217
0.963936
0.926652
0.985131
0.978831
0.945256
0.936773
0.959779
0.964288
0.956489
0.913462
0.957052
0.921933
0.925821
0.94231
0.924495
0.937966
0.960365
0.898973
0.934064
0.894174
0.918932
0.935709
0.939601
0.913247
0.926859
0.898425
0.938337
0.912506
0.966264
0.925563
0.915908
0.890679
0.954451
0.901971
0.962404
0.982729
0.960046
0.966454
0.965612
0.946374
0.957139
0.90212
0.911634
0.924145
0.905213
0.939643
0.968149
0.934409
0.933543
0.924004
0.89448
0.929907
0.903705
0.916375
1.27632
0.933691
0.94138
0.921739
0.899338
0.900254
0.963334
0.91536
0.938301
0.90175
0.916337
0.941969
0.935088
0.969041
0.961341
0.949801
0.947373
0.969417
0.901478
0.906018
0.916295
0.894882
0.918153
0.928392
0.92293
0.960414
0.913554
0.960712
0.916852
0.914101
0.921952
0.940781
0.886001
0.91659
0.936331
0.923137
0.9203
0.961174
0.955662
0.942037
0.949484
0.937324
0.927636
0.95876
0.956759
0.976515
0.94354
0.960919
0.942952
0.970746
0.961307
0.94848
0.993286
0.976456
0.926203
0.935071
0.9235
0.917525
0.990273
0.960201
0.93013
0.925138
0.928209
0.913636
0.894645
0.91639
0.927879
0.948179
0.952175
0.947465
0.944335
0.934704
0.92199
0.924113
0.959869
0.949128
1.01668
0.942977
0.970264
0.941329
0.945999
0.947222
0.927912
0.952025
0.964151
0.969851
0.952286
0.987629
0.964756
0.959103
0.913123
0.895048
0.939114
0.899114
0.883584
0.933562
0.906844
0.91229
0.918792
0.907233
0.951752
0.957789
0.971282
0.954603
0.907699
0.935092
0.961424
0.938219
0.975167
0.966024
0.951179
0.956012
1.03355
0.921938
0.962232
0.955007
0.948308
0.950288
0.896262
0.919881
0.947922
0.938758
0.943578
0.975864
0.946852
0.923724
0.946137
0.94948
0.938086
0.920663
0.915705
0.970417
0.981534
0.939251
0.951466
0.932099
0.920563
0.966759
0.948051
0.944895
0.944444
0.947455
1.01093
0.944695
0.965727
0.941925
0.933045
0.945319
0.963734
0.931329
0.9202
0.989164
0.980889
0.959677
0.947406
0.938775
0.905832
0.914599
0.940613
0.972754
0.943098
0.93719
0.939948
0.939605
0.970903
0.957672
0.934683
0.945289
0.941355
0.967597
0.929664
0.955605
0.961946
0.982848
0.976755
0.953079
0.964901
0.937539
0.918498
0.962477
0.918872
0.925679
0.948206
0.940753
0.922884
0.935121
0.967173
0.940142
0.962246
0.941152
0.951083
0.899436
0.921279
0.960545
0.966083
0.949648
0.929144
0.942918
0.912396
0.92012
0.959865
0.96551
0.949177
0.950262
0.964585
0.938402
0.981665
0.943606
0.90411
0.936598
0.912014
0.914111
0.88444
0.9253
0.925335
0.92553
0.920056
0.96885
0.967022
0.895329
0.918451
0.908932
0.913873
0.943376
0.965857
0.968763
0.949642
0.933502
0.96698
0.938638
0.938047
0.936371
0.957476
0.91482
0.938657
0.957633
0.930387
0.970184
0.926635
0.940092
0.932033
0.920072
0.980166
0.9436
0.934444
0.952893
0.982021
0.940237
0.940054
0.940853
0.968035
0.931956
0.94516
1.08889
0.949309
0.946259
0.952224
0.938324
0.92726
0.94274
0.957308
0.950937
0.943692
0.972153
0.942427
0.963084
0.950848
0.944019
0.95925
0.951226
1.0015
0.946167
0.94003
0.933961
0.924043
0.913248
0.906443
0.901506
0.915616
0.938786
0.974502
0.952388
0.956582
0.947089
0.956607
0.938626
0.911075
0.928493
0.942118
0.915528
0.962233
0.956077
0.921778
0.932874
0.898077
0.9314
0.975898
0.932076
0.959147
0.946498
0.952289
0.961755
0.958435
0.963251
0.976823
0.931972
0.922382
0.924382
0.936965
0.922847
0.960652
0.956465
0.952908
0.951493
0.950963
0.949662
0.952382
0.956348
0.943603
0.984406
0.938195
0.944714
0.95649
0.951799
0.968753
0.9494
0.951106
0.964229
0.952462
0.943864
0.971726
0.981043
0.945643
0.937678
0.94409
0.97738
0.955818
0.966267
0.958237
0.936102
0.962308
0.990908
0.950114
0.936159
0.989665
0.946981
0.953018
0.968506
0.952354
0.960717
0.94557
0.943989
0.946727
0.943308
0.930069
0.945789
0.969075
0.950823
0.96215
0.942787
0.933488
0.971115
0.950364
0.943664
0.949752
0.935561
0.973517
0.943957
0.947903
0.93539
0.95457
0.950631
0.95218
0.91985
0.960007
0.953433
0.948807
0.96662
0.913952
0.915191
0.902874
0.913351
0.930303
0.981912
0.954841
0.922064
0.944351
0.949995
0.961878
0.981134
0.950625
0.976118
0.945717
0.929453
0.946612
0.941826
0.957686
0.974655
0.921955
0.956607
0.895072
0.923686
0.917315
0.913366
0.936724
0.923981
0.942906
0.962945
0.957653
0.942878
0.913721
0.922097
0.907347
0.945521
0.943763
0.951695
0.937795
0.914351
0.937366
0.954189
0.897325
0.951307
0.928662
0.964546
0.946229
0.950462
0.937224
0.957306
0.925838
0.943347
0.946601
0.943057
0.936566
0.924862
0.953135
0.944235
0.94494
0.959838
0.950954
0.954053
0.925529
0.958717
0.929288
0.936907
0.966893
0.944789
0.929707
0.95604
0.953359
0.96121
0.945405
0.935849
0.950867
0.945405
0.935074
0.971271
0.946127
0.952055
0.958694
0.946369
0.958804
0.951065
0.945283
0.948973
0.952194
0.951985
0.960566
0.963687
0.946272
0.948113
0.953363
0.949054
0.958872
0.928417
0.960434
0.94415
0.928109
0.948954
0.928588
0.961634
0.967845
0.915611
0.936285
0.979785
0.955651
0.95148
0.9516
0.938569
0.977631
1.19523
0.990694
0.971699
0.962506
0.959601
0.952436
0.940006
0.949833
0.979066
0.952195
0.953737
0.948802
0.943244
0.985307
0.919711
0.941207
0.957445
0.985958
0.951783
0.939046
0.937892
0.933677
0.956331
0.950842
0.947012
0.959532
0.930212
0.933345
0.973477
0.956357
0.927231
0.973123
0.936663
0.927209
0.920073
0.942581
0.975052
0.952985
0.957876
0.948774
0.944012
0.945654
0.953234
0.938314
0.944456
0.96211
0.953965
0.938126
0.95274
0.947042
0.938647
0.964476
0.927164
0.935138
0.927523
0.958282
