6.78928
4.118
2.37613
2.62072
2.55995
2.25713
1.39788
1.23195
1.27941
1.24295
1.2412
1.18494
1.21396
1.08066
1.19331
1.258
1.26316
1.2551
1.24778
1.19956
1.18682
1.21607
1.19888
1.27752
1.30039
1.31376
1.31314
1.26159
1.25562
1.29147
1.22595
1.26195
1.22683
1.2011
1.20227
1.19523
1.22444
1.27899
1.23171
1.23147
1.21493
1.22758
1.2395
1.23735
1.24991
1.27855
1.21447
1.22824
1.23272
1.22614
1.22269
1.25025
1.19541
1.25369
1.23558
1.26162
1.23022
1.23967
1.20236
1.2387
1.22341
1.23586
1.15709
1.22141
1.22957
1.21624
1.22163
1.23354
1.13865
1.12504
1.24997
1.2104
1.22958
1.22517
1.24023
1.27723
1.29124
1.22218
1.29439
1.23338
1.25062
1.26306
1.25114
0.968162
0.966156
0.97591
0.970924
1.04588
0.974861
0.996181
0.979311
1.0091
1.00631
0.96068
0.98583
0.952632
0.935709
0.954621
0.970936
0.99024
0.971143
1.00461
0.991343
0.984076
1.01922
0.98223
0.958825
0.961071
0.976483
0.983178
0.984652
1.00207
0.982887
0.999697
1.02364
1.01522
0.989559
1.02114
0.965593
1.01721
0.979967
0.960525
0.993709
0.987557
0.978546
0.999989
0.953612
0.937009
1.00201
1.00807
0.982171
0.95973
1.01306
0.974282
0.955663
0.97
0.954155
0.946806
0.959076
0.985237
0.982118
0.969511
0.985586
0.999954
1.01258
0.985739
0.994045
0.97788
0.958591
0.955282
0.965637
0.970964
0.978261
0.996419
0.997517
0.97452
0.988469
0.976553
0.986611
1.00681
0.992375
0.953949
1.00423
1.0267
0.987742
0.997918
0.998529
0.985188
0.981039
0.974629
1.00462
0.9753
0.972248
1.02019
1.00647
0.969658
0.977869
0.985936
0.981986
0.970281
0.96783
0.93753
0.97201
1.00936
0.974638
0.984667
0.941835
0.99093
0.930364
0.933968
0.965641
0.989741
0.986583
0.996674
0.989171
0.973867
0.958615
0.973576
0.984983
0.986218
0.976568
0.986631
1.03009
1.00079
1.01972
1.12844
1.03699
1.0765
0.97086
0.972399
1.39272
2.83015
2.65701
2.54949
1.80387
1.00992
1.03457
0.988758
1.05362
1.03642
1.03599
1.04173
1.02913
1.04778
0.998871
0.947614
0.964807
0.973851
0.95299
0.931259
0.95084
0.940491
0.94398
0.948121
0.975825
0.955489
0.923257
0.942278
0.972293
0.959251
0.953675
0.949542
0.949268
0.977335
0.955099
0.97512
0.975197
0.946586
0.967292
0.967922
0.958304
0.93956
0.966409
0.924794
0.942807
0.944931
0.946776
0.937354
0.922138
0.943785
0.955587
0.939206
0.948172
0.97562
0.946818
0.990362
0.954701
0.952991
0.957626
0.95645
0.946222
0.963417
0.925175
0.949552
0.988391
0.958396
0.959182
0.950317
0.950872
0.985736
0.969439
0.955006
0.979371
0.953776
0.961031
0.958044
0.978271
0.943367
0.940922
0.955125
0.948183
0.95592
0.959531
0.952284
0.931053
0.950332
0.992802
0.950424
0.948066
0.951834
0.947092
0.946921
0.953541
0.964601
0.959805
0.947853
0.945473
0.958859
0.950249
0.934549
0.952373
0.951298
0.985956
0.960319
0.941032
0.971351
0.957438
0.94712
0.970132
0.930138
0.935406
0.978761
0.95029
0.949848
0.956929
0.948253
0.937943
1.28153
1.23406
1.06315
1.00332
0.96222
0.985418
0.986733
0.977345
0.999547
0.941933
0.978397
0.976291
0.984193
0.988889
1.01893
0.994851
0.978636
0.9864
0.983847
0.971843
0.967275
1.01402
1.04137
1.0312
1.00529
0.998409
1.03645
1.06014
1.02704
1.02314
1.04639
1.02582
0.995822
1.0096
1.02632
1.0188
1.04158
0.987048
1.03872
1.00616
1.02727
1.02017
1.0594
1.12512
1.01871
1.76793
2.81411
2.28699
1.53928
1.54521
1.49201
1.4792
1.51284
1.51393
1.13115
0.957655
0.953277
0.942934
0.949887
0.939086
0.932737
0.959247
0.951839
0.961198
0.964294
0.947827
0.957242
0.950653
0.966722
0.97919
0.947599
0.93899
0.975276
0.940025
0.943608
0.965318
0.975741
0.958673
0.947601
0.946418
0.945902
0.931014
0.969826
0.916524
0.94584
0.96136
0.954216
0.945023
0.968148
0.970111
0.946807
0.939458
0.949261
0.951854
0.961748
0.927378
0.947473
0.943935
0.94515
0.947135
0.956518
0.946404
0.944574
0.944155
0.956536
0.953303
0.939338
0.910671
0.953474
0.949963
0.947074
0.953464
0.94372
0.978268
0.973778
0.949408
1.04092
1.20915
1.24228
1.28746
1.28022
1.26001
1.31898
1.26419
1.23294
0.982865
0.952667
0.979432
0.993185
0.990069
0.959553
0.952402
0.969278
0.94707
1.14747
1.25862
1.27606
1.27038
1.27091
1.2644
1.25884
1.29855
1.13201
0.95821
0.997285
1.04327
0.998151
0.999964
0.974647
1.06085
2.47486
1.35261
1.22809
1.18848
1.19131
1.17649
1.18194
1.20331
1.23087
1.06348
1.02722
1.03371
1.0012
1.00734
0.996564
1.00435
1.01449
1.02129
0.994964
1.01075
1.0381
1.03367
0.993784
1.02484
1.02629
1.07359
1.02577
1.02407
1.05419
1.04291
1.04094
1.04589
1.04459
1.0168
1.03362
1.01781
1.06716
0.995583
1.06782
1.03843
1.60411
2.09374
2.15788
2.09867
1.76346
1.18834
1.21471
1.23702
1.20942
1.2161
1.23078
1.18009
1.10216
1.00508
0.982864
1.03868
1.02344
0.988919
0.999438
0.991402
1.02981
1.02987
1.01096
1.04842
1.06132
1.02341
1.0161
1.01666
1.00992
1.02945
1.00763
1.01475
1.04156
1.03835
1.01345
1.04097
1.03224
1.03822
1.01892
1.00488
1.01486
0.999735
1.04476
1.01788
1.00805
1.03587
1.00748
1.05273
1.03802
1.06993
1.0361
1.04039
1.02797
0.996501
1.05181
0.982362
1.05448
1.0234
1.04899
0.977881
1.03742
1.03737
1.51073
1.43662
1.48737
1.44063
1.44519
1.40595
1.1105
0.984753
1.00901
0.993701
0.991368
0.995368
0.987152
1.09091
1.01662
1.08781
1.10635
1.10783
1.12669
1.1012
1.09365
1.1145
1.10342
1.13051
1.08626
1.02605
1.04316
1.07435
1.07811
1.07231
1.08731
1.05629
1.03135
1.07383
1.0016
1.02179
0.992052
1.01668
1.01783
0.967325
0.964312
0.959139
0.972251
0.96516
0.97534
0.992776
1.10784
1.11567
1.10386
1.08396
1.10798
1.08688
1.1019
1.12904
0.96433
0.954731
0.942712
0.899906
0.928948
0.960326
1.14316
1.2614
1.25385
1.25679
1.31665
1.20014
1.27567
1.26189
1.25417
1.2669
1.24383
1.21146
1.19969
1.21982
1.2345
1.23442
1.22156
1.22362
1.25107
1.26859
1.25792
1.25426
1.26619
1.24137
1.26738
1.23444
1.28274
1.27437
1.26063
1.27259
1.25884
1.26211
1.29059
1.26425
1.24816
1.26647
1.24946
1.26331
1.26671
1.24229
1.29149
1.22425
1.23129
1.26708
1.30658
1.28484
1.28393
1.26071
1.30073
1.2491
1.24484
1.22868
1.24431
1.22194
1.23111
1.20256
1.23274
1.24995
1.26841
1.27545
1.29442
1.28484
1.26136
1.25524
1.24953
1.28302
1.27528
1.27518
1.24363
1.26365
1.19092
1.21548
1.23008
1.22466
1.25655
1.26497
1.23694
1.2744
1.29326
1.27325
1.24613
1.27959
1.52889
2.26599
2.24591
2.27094
2.22991
1.93268
2.67016
2.51019
2.5212
1.77407
1.1638
1.13706
1.17328
0.967529
0.928271
0.924334
0.919661
0.964383
0.964809
0.970295
0.975018
0.915765
0.968572
0.951783
0.951396
0.962528
0.956678
0.953151
0.940208
0.940239
0.94928
0.961832
0.929885
0.958363
0.949585
0.96583
0.975315
0.954529
0.947967
0.963666
0.933646
0.956527
0.945236
0.936713
0.935125
0.951586
0.929332
0.950778
0.955403
0.94575
0.951567
0.952575
0.952269
0.962214
0.951246
0.952626
0.951996
0.938548
1.17482
1.09207
0.935699
0.964422
0.958949
0.927427
0.941482
0.936168
0.938726
0.939784
0.946332
0.957435
0.940072
0.918418
0.949715
0.974774
0.911583
0.928609
0.923385
0.926822
0.945096
0.92864
0.931024
0.942229
0.945318
0.921546
1.31748
1.28394
1.27666
1.29116
1.22423
1.2433
1.23615
1.10478
0.956012
0.932809
0.902929
0.964982
0.959769
0.957382
0.934807
0.951795
0.941308
0.921742
0.907683
0.931188
0.924965
0.927021
0.927805
0.952215
0.933144
0.917073
0.928024
0.936658
0.937455
0.954872
0.924129
0.970731
0.949831
0.917428
0.935058
0.938161
1.51591
0.948641
0.966161
0.947932
0.951182
0.963751
0.985249
0.959689
0.941805
0.949252
0.939204
0.95174
0.971129
0.990001
0.962557
0.966849
0.942517
0.957998
0.912112
0.91634
0.973331
0.956699
0.995996
0.964207
0.959003
0.989751
0.993904
1.74407
1.66107
1.64813
1.65057
1.06557
1.06137
1.06837
1.05016
1.06061
1.20988
1.07829
1.10293
1.03995
0.947116
0.930103
0.94169
0.919414
1.03209
0.967617
0.928099
0.94738
0.922217
0.922618
0.938123
0.948644
0.959899
0.947003
0.978094
0.951848
0.945699
0.947565
0.936803
0.961917
0.922537
0.956347
0.952302
0.946473
0.955965
0.962148
0.94004
0.967046
0.956198
0.949243
0.934553
0.997741
0.935864
0.945837
0.971138
0.956664
0.959971
0.935272
0.917251
0.954127
0.90896
0.94504
0.949229
0.93342
0.935224
0.936536
0.912214
0.936127
0.896183
0.916145
0.937596
0.902609
0.907306
0.922559
0.950358
0.940371
0.95743
0.913831
0.917956
0.931233
0.925355
0.947687
1.00263
0.943942
1.10227
1.26641
1.25177
1.27233
1.26424
1.26257
1.28448
1.27338
1.09346
0.935554
0.938248
0.965338
0.967729
0.960352
0.963222
0.952885
0.961302
0.963232
0.955618
0.940253
2.74785
0.9186
0.942686
0.929651
0.931635
0.93144
0.924274
0.940981
0.931224
0.928795
0.919472
0.944526
0.912009
0.943906
0.931515
0.91233
1.20725
2.44107
2.46705
2.45283
1.25637
1.24396
1.23468
1.28439
1.3025
1.23601
1.26005
1.26993
1.31864
1.26995
1.30947
1.28688
1.28822
1.54116
2.56352
2.51885
1.94625
2.5286
2.56092
2.53097
1.72529
1.49415
1.49115
1.4962
1.47955
1.50172
1.44643
1.01535
0.963179
1.01008
1.00122
0.979139
0.998213
1.00839
1.00094
0.987417
0.980225
1.85022
2.65452
2.61025
2.52359
1.34352
1.27911
1.22095
1.26262
1.21563
1.23197
1.24753
1.24456
1.14104
0.989644
0.999388
0.983965
1.03009
1.30592
1.28658
1.28603
4.83619
1.29881
1.33056
1.33974
1.27127
1.31416
1.30359
1.26068
1.30721
1.25255
1.21153
1.24086
1.24995
1.18383
1.23745
1.23385
1.23522
1.23955
1.25695
1.2232
1.24132
1.20426
1.2255
1.21051
1.22159
1.28243
1.24475
1.25661
1.26451
1.29804
1.24401
1.26836
1.27966
1.23987
1.24992
1.27259
1.28494
1.25401
1.20196
1.20221
1.25059
1.24502
1.28407
1.25497
1.27481
1.19307
1.19634
1.20623
1.23443
1.22988
1.22881
1.24345
1.25704
1.24411
1.25157
1.24105
1.26636
1.25868
1.23135
1.24696
1.23998
1.21596
1.25365
1.23461
1.24819
1.22481
1.2021
1.22856
1.24145
1.23404
1.22436
1.2069
1.20158
1.28118
1.26991
1.24118
1.2673
1.2171
1.23994
1.22752
1.46523
3.75504
1.23796
1.23639
1.23947
1.21126
1.25294
1.26143
1.22866
1.21157
1.22277
1.20803
1.20979
1.26578
1.26673
1.2292
1.22788
1.21914
1.0399
0.959848
0.962517
2.33022
2.54287
2.40557
2.45078
1.25545
1.03137
1.03577
1.00843
1.04448
1.01383
1.02114
1.01764
0.971447
0.998299
1.00118
0.961872
1.00718
0.935901
0.913184
0.950504
0.949135
0.937305
0.957735
0.968303
0.9763
0.969836
0.919654
0.977158
0.947733
0.972209
0.967137
0.948993
0.933481
0.957573
0.949072
0.973162
0.969032
0.968798
1.00172
1.03521
0.981292
1.01271
0.977595
0.955163
1.00322
2.27788
2.55907
2.5229
2.43337
1.39156
1.09307
1.05884
1.05551
1.0928
1.06387
1.09251
1.04371
1.06191
1.02108
0.952788
0.951582
0.961911
0.955315
0.954779
0.962565
0.941767
0.941528
0.956382
3.08605
1.07674
0.958736
0.950683
0.944785
0.923578
0.963707
0.979465
0.944295
0.949623
0.952382
0.982625
0.952865
0.94714
0.928523
0.978216
0.968856
0.970838
0.976784
0.950538
0.965242
0.945454
0.960896
0.962538
0.92915
0.900456
0.941327
0.906665
0.879409
0.928956
0.949886
0.918816
0.930784
0.904795
0.921179
0.898635
0.925204
0.93568
0.9225
0.939466
0.950322
0.978256
0.948083
0.9904
0.941656
0.950794
0.982184
0.944745
0.917682
0.937728
0.918419
0.940236
0.950294
0.94423
0.950234
0.963573
0.946084
0.979448
0.974691
0.946995
0.942754
0.947414
0.955842
0.987705
0.962496
0.914392
0.973631
0.951665
0.914355
0.936103
0.921065
0.978043
0.958306
0.95185
0.953848
0.980865
0.95894
0.959263
0.909212
0.957861
0.923877
0.921243
0.940289
0.931472
0.923161
0.905864
0.91585
0.972174
0.919853
0.916374
0.940004
0.926385
0.941214
0.96382
0.916892
0.915669
0.90527
0.970467
0.911198
0.929264
0.929882
0.962234
0.942927
0.957976
0.959796
0.958932
0.931585
0.969771
0.940379
0.933823
0.936976
0.889349
0.93028
0.920192
0.926626
0.915385
0.924785
0.921006
0.931597
0.92349
0.927654
0.943061
2.7649
0.908598
0.932531
0.923218
0.922271
0.954039
0.934809
0.929338
0.920543
0.91852
0.927885
0.965767
0.932417
0.935868
0.97485
0.94965
0.963089
0.908699
0.913295
0.936464
0.914071
0.925632
0.916263
0.911822
0.91134
0.920349
0.939373
0.929751
0.913088
0.909517
0.926007
0.926831
0.917889
0.928991
0.915727
0.91871
0.971469
0.962126
0.947631
0.968464
0.934582
0.937669
0.915667
0.973409
0.948729
0.950343
0.949456
0.957945
0.966007
0.949482
0.960074
0.938853
0.961469
0.947045
0.915924
0.927826
0.910579
0.951646
0.966534
0.964067
0.926925
0.957854
0.925595
0.924145
0.910803
0.916816
0.939178
0.952843
0.950288
0.950204
0.946958
0.964513
0.944368
0.944705
0.952602
0.969283
0.950806
0.929819
0.941007
0.950797
0.957101
0.938774
0.939088
0.938188
0.958928
0.947747
0.954743
0.953265
0.936423
0.938677
0.903734
0.91648
0.951543
0.918024
0.92252
0.898759
0.921974
0.932459
0.922854
0.915308
0.955477
0.980171
0.960834
0.922347
0.900274
0.957559
0.949772
1.02588
0.962039
1.09459
0.957935
0.966412
0.938993
0.929694
0.95265
0.93014
0.944723
0.928926
0.916185
0.959356
0.945388
0.943687
0.931822
0.946982
0.924077
0.95993
0.940011
0.932302
0.946935
0.91499
0.904517
0.977945
1.0003
1.0072
0.942519
0.917229
0.945867
0.928571
0.964664
0.959933
0.950502
0.951975
0.958149
0.980549
0.9353
0.924299
0.959187
0.957933
0.951872
0.916817
0.963817
0.961089
0.964998
0.976669
0.950648
0.937767
0.958257
0.935931
0.945396
0.937616
0.997548
0.959668
0.985212
0.93193
0.935705
0.944086
0.92824
0.966369
0.96156
0.940576
0.947459
0.950015
0.951203
0.950379
0.996451
0.974641
0.958443
0.981526
0.975854
0.935903
0.887219
0.931352
0.943598
0.925337
0.946802
0.964741
0.944542
0.957183
0.941212
0.960174
0.927538
0.945219
0.943635
0.948341
0.939047
0.960798
0.950596
0.928579
0.93802
0.977195
0.961919
0.956267
0.949785
0.949044
0.963782
0.956996
0.935366
0.919236
0.905828
0.922922
0.884367
0.916969
0.924762
0.937216
0.938094
0.918796
0.974802
0.993323
0.936144
0.930747
0.925404
0.906064
0.932655
0.938293
0.974102
0.965856
0.945526
0.970273
0.962048
0.950111
0.943448
0.966298
0.925014
0.936736
0.952874
0.930537
0.949184
0.943529
0.957423
0.958143
0.938521
0.943565
0.934019
0.887867
0.913604
0.976441
0.947759
0.953189
0.98323
0.956728
0.985064
0.946231
0.948674
0.960449
0.955783
0.951769
0.943685
0.944872
0.946467
0.964905
0.940202
0.955076
0.940699
0.918866
0.954449
0.951131
0.945503
0.952159
0.96165
0.976188
0.935335
0.937309
0.956925
0.916151
0.916078
0.913638
0.945925
0.913173
0.942806
0.933824
0.933757
0.947042
0.948442
0.972713
0.913073
0.900415
0.90052
0.981861
0.901165
0.970151
0.943889
0.924987
0.927771
0.919735
0.953658
0.993204
0.934028
0.958913
0.960452
0.95607
0.981085
0.953285
0.939729
0.981763
0.979617
0.936937
0.954029
0.963539
0.966855
0.970658
0.951522
0.938529
0.965948
0.932358
0.96498
0.981933
0.96762
0.946651
0.94414
0.948269
0.961182
0.951713
0.991061
0.962688
0.956731
0.95765
0.940074
0.965621
0.959663
0.956103
0.949104
0.948704
0.94489
0.935896
0.944094
0.952603
0.936358
0.967396
0.938493
0.983736
0.976331
0.936241
0.962809
0.971105
0.949702
0.924823
0.950485
0.949605
0.964559
0.963672
0.94902
0.963054
0.946024
0.973709
0.973774
0.942036
0.945751
0.937262
0.929185
0.941988
0.960399
0.946457
0.949706
0.944828
0.97887
1.00125
0.944647
0.955052
0.91646
0.951241
0.958104
0.930962
0.939514
0.942977
0.941689
0.954087
0.945047
0.896391
0.923477
0.903814
0.925328
0.957721
0.914043
0.907072
0.953397
0.927619
0.945075
0.95869
0.954754
0.975476
0.954132
0.940509
0.956918
0.946686
0.933979
0.970995
0.941548
0.920944
0.950094
0.929158
0.935076
0.946953
0.950712
0.938685
0.90107
0.93974
0.954106
0.944182
0.941514
0.91541
0.920108
0.927465
0.962389
0.979146
0.973955
0.963361
0.916974
0.919571
0.917537
0.913355
0.898691
0.905061
0.952093
0.956461
0.963168
0.957107
0.952804
0.954477
0.960893
0.954487
0.950911
0.961014
0.92257
0.93645
0.970262
0.952765
0.95754
0.96158
0.950298
0.96116
0.915871
0.94966
0.959233
0.946376
0.939552
0.927948
0.936065
0.932788
0.958427
0.94076
0.943958
0.957654
0.955775
0.954668
0.952309
0.944174
0.966151
0.974222
0.944949
0.959721
0.934737
0.952133
0.970706
0.94754
0.939162
0.952562
0.936939
0.939378
0.951432
0.945342
0.952834
0.95342
0.94695
0.975424
0.95433
0.95796
0.946871
0.971681
0.931457
0.941448
0.954337
0.968414
0.965614
0.954022
0.991589
0.964559
0.945279
0.981053
1.18981
0.965044
0.960968
0.952257
0.933196
0.957074
0.922715
0.915225
0.969573
0.948164
0.946995
0.9647
0.939823
0.955069
0.950447
0.948473
0.945698
0.938608
0.952603
0.956067
0.947491
0.926037
0.933667
0.947992
0.949553
0.965767
0.954747
0.956518
0.94315
0.94931
0.932587
0.964961
0.977286
0.943873
0.919808
0.931373
0.96106
0.957866
0.959242
0.939362
0.932554
0.945588
0.965266
0.937982
0.941366
0.975478
0.943752
0.959184
0.958724
0.951486
0.974999
0.94773
0.948767
0.948987
0.950879
0.962727
0.950981
0.966172
0.946595
0.946736
0.977352
0.963679
0.963209
0.943413
0.955024
0.939595
0.930925
0.947932
0.925252
0.946386
0.946702
0.942464
0.958491
0.969377
0.949349
0.945589
0.949812
0.947178
0.951005
0.952848
0.963877
0.931374
0.915919
0.947612
0.920732
0.898676
0.927433
0.970255
0.977335
0.966787
0.955325
0.995861
0.948365
0.94737
0.945325
0.95812
0.962937
0.991059
0.953129
0.975801
0.973055
0.918792
0.905476
0.928384
0.931877
0.959141
0.946919
0.939239
0.961138
0.915859
0.937145
0.926457
0.924934
0.901463
0.947422
0.93175
0.908333
0.965738
0.954998
0.932546
0.930642
0.981297
0.95503
0.94251
0.944912
0.960204
0.96062
0.959107
0.925263
0.895737
0.924945
0.899638
0.915324
0.928142
0.915337
0.962871
0.984393
0.950368
0.934164
0.959457
0.950131
0.95683
0.951039
0.93787
0.948794
0.954696
0.950861
0.966056
0.940132
0.91415
0.920095
0.904111
0.946484
0.946447
0.936757
0.95205
0.925123
0.898877
0.904306
0.889336
0.858671
0.835066
0.862675
0.916893
0.951304
0.938792
0.937952
0.980808
0.957609
0.953871
0.925656
0.934417
0.945732
0.915213
0.909136
0.927556
0.917535
0.95943
0.915233
