7.35087
3.51605
2.00311
2.59986
2.0181
1.98962
1.57039
1.01082
0.995181
1.00848
0.98995
1.0311
1.01826
1.01617
1.00179
1.01312
1.00697
2.81318
2.80668
2.75015
2.20968
1.32418
1.29485
1.31167
1.35912
1.31293
1.30978
1.27417
1.12373
1.11046
1.0673
1.03368
1.01544
1.04623
1.05169
1.04119
1.04968
1.08888
1.02071
1.06405
1.05212
1.01087
1.00133
1.02983
1.03678
1.07843
1.00789
1.04726
1.02368
1.04706
0.999506
1.00926
1.02358
1.01887
1.04254
1.04763
0.994317
1.00652
1.02751
1.02294
1.02611
1.08233
1.05243
1.02
1.06359
1.04908
1.03723
1.05413
1.02452
1.02976
1.02724
1.02709
1.04294
1.01947
1.0494
1.06528
1.0321
0.994479
1.01005
0.990574
1.02835
1.04013
1.06139
1.0352
1.01064
1.02272
1.05024
1.0378
1.03174
0.994588
1.00041
1.03211
1.04161
1.01631
1.02874
1.05638
1.04407
1.0546
1.01148
1.09121
1.05885
0.993086
1.06483
1.03851
1.0065
1.05187
1.06688
1.03623
1.06882
1.0164
1.03207
1.05125
1.00872
1.02321
1.06649
1.07398
1.0342
1.054
1.03937
0.965249
0.990015
0.960941
0.965061
0.972425
0.970036
0.988445
0.984071
0.947692
0.992894
0.988756
0.981707
0.96236
0.973412
0.975359
0.967474
0.99528
1.00346
0.965375
0.971256
0.999251
0.945718
0.960277
0.943505
0.947772
0.949351
0.990287
0.964198
0.961648
1.01806
0.990824
1.03416
1.00896
0.979685
0.999184
1.0096
1.01171
1.02927
1.0319
1.00421
1.01545
1.04883
1.02824
1.00726
0.994403
0.993872
1.02698
1.02305
1.05183
1.00307
1.03656
1.02771
1.04212
1.05044
1.05556
1.07681
1.01632
1.01759
1.0591
1.05699
1.04158
1.07415
1.04308
1.04317
1.05028
1.05283
0.984487
1.00879
1.07601
1.02345
1.02979
1.05849
1.04673
1.01437
1.00978
1.06868
1.07279
1.02458
1.02049
1.02562
1.02887
1.41424
1.62874
2.78333
2.92133
3.05934
2.67794
2.48247
2.5098
2.42906
2.37916
1.74978
0.955105
0.972429
0.942791
0.947352
0.953806
0.964933
0.946171
0.978957
0.95558
0.957603
0.962394
0.952996
1.01857
0.9764
0.980003
0.958736
0.957072
0.970491
1.32819
1.43928
1.65636
1.66283
1.67255
2.55062
2.48146
2.25354
2.32418
2.31292
2.27755
1.07242
0.98741
0.948599
0.971412
1.19824
2.29314
2.33187
1.95735
1.91241
1.93566
1.95269
1.86512
1.28819
0.950992
0.958475
0.945515
0.949426
0.993551
0.974336
0.954172
0.975842
0.957515
0.958736
0.971245
0.973876
0.966349
0.953907
1.28903
1.25724
1.26334
1.28478
1.1598
0.984282
0.984684
1.04946
0.998748
0.980765
1.11986
1.12923
1.12458
1.11276
1.02426
0.956653
0.951096
0.946308
0.997663
0.990562
0.971049
0.939383
0.964584
0.950435
0.967479
0.952511
0.956187
0.953856
0.93754
0.964454
0.974438
0.963539
0.976346
0.958438
1.11753
1.17719
0.954951
0.953613
0.964181
0.955021
0.988836
0.957907
0.936207
0.956168
0.949296
0.966064
0.966031
0.944026
0.949323
0.950545
0.982376
0.9568
0.961747
0.952053
0.934611
0.951822
0.9499
0.952575
0.948134
0.960061
0.955514
0.955422
0.9671
0.963005
0.954682
0.941863
0.955304
0.946584
0.960644
0.947996
0.978053
0.982308
0.998312
0.987634
2.35164
2.52724
2.77835
1.71292
1.29771
1.30577
1.29263
1.22413
1.24578
1.23193
1.23613
1.22577
1.23182
1.2441
1.24589
1.23221
1.26375
1.23172
1.23761
1.24608
1.24194
1.2475
1.24896
1.26732
1.23678
1.22964
1.2299
1.26911
1.26538
1.25676
1.2577
1.26132
1.24368
1.23802
1.21892
1.21355
1.24
1.25504
1.28612
1.27179
1.23973
1.24001
1.23098
1.2478
1.24563
1.23168
1.2365
1.24897
1.25114
1.25269
1.25758
1.24771
1.23318
1.2811
1.26122
1.28916
1.26504
1.28859
1.28859
1.26381
1.21332
1.22567
1.21163
1.26488
1.26537
1.24693
1.265
1.23604
1.19956
1.22261
1.23772
1.30437
1.24378
1.2709
1.23988
1.22491
1.22161
1.23493
1.10713
1.01666
1.01032
0.992895
0.993622
1.36631
1.42494
2.04236
2.50867
2.61196
2.48881
0.968755
1.00926
0.966122
0.977612
1.00887
1.03175
1.03225
1.00612
1.00079
1.03747
1.01011
1.0218
1.02934
0.959556
0.982832
1.69697
1.01408
0.942336
1.45844
2.55537
2.52939
2.48939
2.52002
2.48388
1.69786
1.0221
1.01204
1.02501
1.02036
1.0139
1.0346
1.03902
1.02299
1.02905
1.64123
1.81539
1.69573
1.67007
1.63764
1.65182
1.07679
1.35676
2.47886
1.12321
1.09883
1.12085
1.06896
1.09036
1.04792
1.15893
1.04025
0.987564
1.00609
0.98709
0.977361
1.01498
0.98817
0.974478
0.966284
1.01517
0.975856
0.981054
1.01039
0.984181
1.0117
1.00071
0.985639
1.0045
0.997588
1.00626
0.950155
0.934671
0.938014
0.953831
0.935213
0.934369
0.936527
0.933268
0.946905
0.958018
0.961751
0.964099
1.00762
0.97878
0.973267
0.99822
0.968929
0.942033
0.965306
0.942653
0.951644
0.95868
0.961279
0.940311
0.934197
0.965192
0.989702
0.968636
1.12907
1.21458
1.20732
1.21558
1.19913
1.19854
1.21042
1.19485
1.18382
0.95659
0.97409
0.956929
0.981714
0.987675
0.943757
0.919577
0.905673
0.951403
0.964566
0.94434
0.937512
0.939871
0.973282
0.940525
0.946583
0.951864
0.951082
0.973184
0.951425
0.95441
0.959159
0.959345
0.944675
0.954807
0.946302
0.947221
0.941333
0.937334
0.95389
0.951532
0.97012
0.964484
0.972695
0.941804
0.948271
0.941755
0.951213
0.976288
0.963033
0.939749
0.947606
0.938215
0.954056
0.946986
0.930809
0.998816
0.934902
0.922219
0.941417
0.928669
0.92447
0.945719
0.921837
0.930753
0.946934
0.911325
0.937732
0.951421
0.944204
0.948296
0.943757
0.94264
1.02522
1.22464
1.0211
0.976532
1.00718
0.933201
0.949452
0.927337
0.947443
0.943512
0.927543
0.962892
0.945637
0.942556
0.94227
0.947544
0.923138
0.948398
0.948603
0.938594
0.938468
0.939758
0.971162
0.991486
0.937813
0.935852
0.946469
0.960036
0.985814
0.945453
0.922993
0.951265
0.975156
0.962224
0.992629
1.52067
1.48863
1.49767
1.4478
1.22545
0.926433
0.927042
0.952401
0.944515
0.936027
1.27677
2.76473
2.11044
1.94447
1.87849
1.88011
1.90159
1.48508
0.993578
0.996745
1.0161
0.977728
0.939305
0.946167
0.959362
0.940914
0.956733
0.940932
0.974681
0.985771
1.13176
1.31025
1.28641
1.28455
1.29602
1.30821
1.05725
0.977158
1.00234
0.968219
0.995217
0.938205
0.964909
0.982081
1.00041
0.982026
1.02179
1.0097
1.00321
1.00288
0.996575
0.988482
0.990984
1.00579
2.11141
2.50353
2.72844
2.55236
2.45127
1.05184
1.06601
1.05306
1.1121
1.04481
1.01649
1.01574
1.03951
1.05264
1.08359
0.992499
0.942204
0.986111
1.06733
1.1609
1.18231
1.13545
1.03921
0.982391
1.03201
1.34777
0.967164
0.981479
0.990313
0.983355
1.00014
1.01471
0.94432
0.979601
0.975582
0.98169
0.967108
0.978714
0.953077
0.982081
0.965801
0.970023
0.967344
0.947986
0.966504
0.976818
0.962185
0.971904
1.14936
1.62252
1.56028
1.55968
1.30926
1.02459
0.967728
1.02367
0.990833
0.991564
0.947916
1.00261
0.959277
0.952336
0.970647
0.956049
0.985261
0.957045
0.939889
0.988348
0.959496
0.959086
0.97297
0.945808
0.942905
0.974817
0.955401
0.955209
0.960939
1.02382
0.982183
1.01081
0.971743
0.978246
0.990264
0.967458
1.0065
0.980914
1.0027
0.993998
0.998216
0.993051
1.00408
0.975923
1.0125
0.999805
0.947617
1.03164
0.9687
0.963071
0.991347
0.949455
0.942096
0.946341
0.940119
0.955369
0.923268
0.95558
1.03333
0.968988
0.979654
1.00453
1.02179
1.05063
1.01385
0.991234
0.975362
1.01407
1.02797
1.04316
1.05286
1.02642
1.0283
1.01625
0.989366
0.966864
0.962387
1.278
0.989148
0.987943
0.98391
0.95524
0.986556
0.9878
0.985465
0.977385
1.01745
0.999213
0.97481
0.992769
0.918719
0.964551
0.95105
0.945027
0.932257
0.94362
0.951879
0.901869
0.939108
0.959855
0.928435
0.95162
0.929854
0.941848
0.927525
0.956723
0.943118
0.935458
0.955817
0.976745
0.930973
0.933675
1.27228
0.953168
0.920837
0.938657
0.924675
1.02223
0.987687
1.0126
1.03242
0.980089
0.994856
1.01201
1.00074
1.02398
1.00421
0.986315
0.992267
0.990688
0.975383
0.991681
0.993623
0.994857
0.986023
0.971049
1.04198
0.975448
0.963501
1.04068
0.995238
0.962701
0.999204
0.964114
0.955328
0.982531
0.954439
0.954685
0.958505
0.976195
0.989783
0.998669
0.984476
0.976744
0.996515
0.961663
0.977666
1.00691
0.974856
1.00478
0.956258
0.95206
0.963981
0.96256
0.971266
0.958479
0.944934
0.983608
0.975434
0.959405
0.984178
1.01535
0.991155
0.995443
1.01122
1.01605
1.03585
1.01187
1.06915
1.23581
1.27707
1.25312
1.27317
1.1587
0.94714
0.939345
0.946685
0.963156
0.939692
0.953123
0.956401
0.953683
0.938715
0.954144
0.932552
0.940246
0.956695
0.961412
3.7363
0.994403
1.01052
1.01584
1.02881
1.01493
1.08909
1.02906
0.985961
1.0195
1.02225
1.03587
0.990268
1.05102
1.02862
0.979826
1.00047
0.996096
0.978505
0.982002
0.946211
0.987373
1.01641
1.10713
1.02745
1.04678
0.984088
1.03292
1.00394
1.00056
1.03522
1.05588
0.992306
1.03704
1.17966
1.27184
1.00453
0.953905
0.954785
0.963831
0.965947
0.953864
0.987181
0.945629
0.952699
0.971711
0.964577
0.974051
0.960925
0.950954
0.970537
0.980107
0.958021
0.995735
0.972375
0.953949
0.989458
0.983902
0.989664
1.00124
0.979593
0.984472
0.964352
0.950748
0.980809
0.95232
0.981605
0.984377
0.98345
0.996641
0.994129
1.00818
1.00744
1.01183
1.04307
1.02568
1.02769
0.98375
1.08942
1.39912
0.961811
0.98396
0.975946
0.973546
0.984169
0.950939
0.931894
0.946164
0.912813
0.928763
0.961025
0.94012
0.9241
0.946142
0.936336
0.937443
0.932553
0.933907
0.93849
0.972857
0.968351
0.98602
0.972101
0.978577
1.00167
0.973033
4.51488
1.03251
0.987265
0.995771
0.969243
1.0052
0.977917
0.977082
0.980292
0.991825
1.00533
0.989628
0.988795
0.985112
0.975789
0.996035
1.00676
1.00744
0.974648
0.991579
0.978844
0.977864
0.976884
1.01495
0.998916
0.98987
0.98666
0.938607
0.978782
0.971898
0.977507
0.968835
0.962363
0.922366
0.957853
0.937497
0.951038
0.929897
0.934805
0.942052
0.946483
0.939378
0.940372
0.97775
0.996708
0.958456
0.968783
0.963298
0.984957
0.955724
0.980501
0.989936
0.98628
1.01229
0.999155
0.987427
1.00789
0.990338
0.926642
0.972484
1.01352
1.03561
1.03969
1.04393
1.01451
1.06906
1.02367
0.991783
1.03418
1.02653
1.05288
0.997617
1.02953
1.04229
1.01247
1.03023
1.04379
1.03287
1.02389
1.04283
1.01192
1.01055
1.01526
1.04418
1.02523
1.01939
1.03445
1.03462
1.03655
0.997523
1.02626
1.01365
1.01884
1.03935
1.0311
1.03128
1.02809
1.03319
1.0231
1.06218
1.00225
4.26221
1.02733
0.992681
1.01487
1.02693
1.03521
1.03247
1.06246
0.976831
0.995315
0.984689
0.970398
0.967711
0.956382
1.03375
1.00854
0.994076
0.970141
0.964796
1.02791
0.98427
0.988079
0.991341
1.00562
0.991962
1.01679
1.01314
0.958003
0.958888
0.946654
0.957678
0.957201
0.929798
0.9827
0.975297
0.978024
0.971022
0.964066
1.04244
1.03347
1.06913
1.0672
0.962431
1.02487
1.02511
1.01995
1.01734
1.00717
0.989333
1.04085
1.01952
1.02708
1.01971
1.05937
0.995416
1.03979
1.0948
1.05489
1.09764
1.0364
0.989606
1.04204
1.01706
0.994653
0.970384
0.977605
0.983253
1.01843
0.979019
0.984241
1.02062
0.942849
0.97163
0.972904
0.965014
1.02507
0.976582
0.999713
0.995562
0.986087
0.962516
0.969622
0.960441
0.976035
0.974283
0.968616
1.02914
1.48916
0.991745
0.964664
0.938703
0.951457
0.952516
0.949158
0.950867
0.956767
0.942242
0.94914
0.958034
0.94897
0.974985
0.942329
0.952418
3.22648
0.972402
0.978746
0.993057
0.975017
0.977073
1.01901
1.01616
0.991022
1.72184
2.39523
2.34627
2.32473
1.68414
0.983279
0.943723
0.95317
0.959688
0.970528
0.953443
0.959296
0.960647
0.942434
0.95578
0.933886
0.914969
0.944765
0.913108
0.907049
0.902894
0.915716
0.954348
0.919802
0.978907
0.981602
0.956896
0.954209
0.985323
0.958124
0.958393
0.955242
0.921228
0.911989
0.921492
0.918529
0.926359
0.974052
0.969918
0.960558
0.95534
0.963359
0.978224
0.951005
0.95061
0.947731
0.965804
0.96486
0.976537
0.938837
0.954776
0.936416
0.902934
0.933259
0.914523
0.965406
0.996588
0.969912
0.953671
0.979866
0.950581
0.978263
0.915662
0.921505
0.926708
0.921359
0.911677
0.921654
0.915109
0.901521
0.925404
0.914567
0.945538
0.917559
0.914307
0.924065
0.928257
0.931889
0.91018
0.919307
0.895005
0.955574
0.942726
0.916219
0.922372
0.916448
0.965266
0.95099
0.948704
0.972348
0.948253
0.94365
0.953582
0.952246
0.913414
0.931826
0.913209
0.933401
0.930707
0.902071
0.91867
0.948721
0.912087
0.932902
0.91183
0.91482
0.919812
0.965281
1.14226
0.927599
0.93003
0.925549
0.922569
0.95083
0.92535
0.917602
0.91185
0.913451
0.915296
0.957923
0.963978
0.952439
0.956507
0.967212
0.947698
0.956137
0.907666
0.916105
0.936241
0.920051
0.915168
0.929403
0.92175
0.917622
0.949279
0.911767
0.929767
0.930766
0.894059
0.925504
0.914375
0.920717
0.935788
0.908513
0.919026
0.964334
0.932122
0.948258
0.956475
0.925046
0.898488
0.922419
0.94587
0.966522
0.948204
0.953323
0.947553
0.981797
0.968347
0.961205
1.01012
0.943659
0.935016
0.921411
0.920262
0.978042
0.949503
0.957835
0.922558
0.901123
0.959192
0.921955
0.922459
0.926807
0.917041
0.947844
0.966074
0.966594
0.949084
0.955633
0.953445
0.938868
0.960382
0.947083
0.953982
0.945627
0.970919
0.953928
0.956242
0.915354
0.956013
0.975419
0.950613
0.972805
0.951296
0.949731
0.956318
0.931497
0.920645
0.911004
0.942056
0.950451
0.914656
0.918478
0.921361
0.915494
0.923834
0.90393
0.941637
0.96097
0.980156
0.925964
0.91371
0.946507
0.967171
1.03221
0.9516
0.97951
0.965979
0.950065
0.941362
0.943016
0.946982
0.942765
0.946946
0.914229
0.924697
0.959691
0.965511
0.954643
0.929324
0.969671
0.938218
0.934067
0.939523
0.895952
0.913096
0.92015
0.914313
0.967712
0.984887
0.947589
0.942525
0.940171
0.937562
0.944587
0.961512
0.962067
0.952695
0.967442
0.958582
0.952672
0.969178
0.911334
0.981003
0.951146
0.954751
0.94061
0.945917
0.976055
0.995605
0.951005
0.95296
0.921464
0.91357
0.936242
0.950266
0.9753
0.951562
0.959074
0.965508
0.957364
0.959412
0.98779
0.929844
0.952335
0.965962
0.964172
0.951499
0.995252
0.951598
0.960452
0.955769
0.941771
0.958529
0.931193
0.973376
0.944407
0.914169
0.927279
0.955092
0.943637
0.949617
0.989499
0.967148
0.963955
0.950588
0.949677
0.923784
0.923265
0.947186
0.965559
0.95328
0.940942
0.966445
0.915656
0.919838
0.903587
0.985444
0.954477
0.952199
0.951698
0.954148
0.943458
0.937864
0.928753
0.916087
0.924392
0.916941
0.912413
0.921547
0.931086
0.901447
0.936172
0.90723
0.96611
0.949953
0.914718
0.914293
0.922191
0.922366
0.979072
0.966402
0.947393
0.957764
0.951319
0.984557
0.956782
0.91482
0.97109
0.927149
0.955678
0.954286
0.940977
0.953443
0.959426
0.940547
0.936071
0.924383
0.955068
0.932805
0.920841
0.935899
0.960106
0.950386
0.954625
0.960097
0.958248
0.978092
0.980417
0.949055
0.960819
0.957557
0.961836
0.946291
0.968869
0.948761
0.95418
0.960825
0.948535
0.954998
0.941451
0.950118
0.947329
0.942008
0.944709
0.960689
0.96534
0.950215
0.915811
0.912821
0.926233
0.924881
0.914555
0.922045
0.916344
0.933106
0.972663
0.951247
0.958197
0.965721
0.991247
0.923028
0.931492
0.916064
0.925842
0.91567
0.951817
0.968255
0.947678
0.915263
0.922893
0.939161
0.958759
0.946882
0.950317
0.969714
0.951837
0.953124
0.959026
0.948389
0.93941
0.955431
0.958536
0.959619
0.953251
0.949495
0.961362
0.96506
0.970084
0.957628
0.957882
0.955244
0.960208
0.94999
0.953654
0.947019
0.961297
0.954411
0.98887
0.955213
0.972344
0.954815
0.945993
0.973164
0.951109
0.95165
0.979496
0.967236
0.985273
0.960474
0.939725
0.966013
0.945117
0.950411
0.961663
0.947689
0.94784
0.974569
0.939827
0.949545
0.962049
0.95549
0.936342
0.962528
0.967735
0.977591
0.985662
0.950162
0.96731
0.940043
0.945471
0.964108
0.956751
0.948519
0.972703
0.933755
0.946415
0.972565
0.939638
0.950986
0.954613
0.978715
0.968233
0.942605
0.933774
0.924599
0.969693
0.942456
0.962639
0.942066
0.958705
1.1083
0.947688
0.970677
0.918625
0.91569
0.918246
0.953928
0.916136
0.944568
0.933203
0.929593
0.944827
0.940446
0.985709
0.966629
0.948453
0.958528
0.956749
0.956036
0.959035
0.965536
0.950844
0.96205
0.907135
0.949907
0.913844
0.915724
0.944706
0.955535
0.918903
0.918685
0.942998
0.959986
0.966142
0.922575
0.927154
0.887473
0.913699
0.962848
0.990446
0.94719
0.955151
0.915166
0.903072
0.923451
0.922071
0.916225
0.92304
0.972177
0.948908
0.955667
0.940635
0.953302
0.958416
0.917175
0.967485
0.942792
0.938149
0.948764
0.945194
0.948468
0.989953
0.94258
0.949479
0.959451
0.951615
0.947195
0.993137
0.961954
0.960576
0.949256
0.960862
0.963288
0.95465
0.951811
0.93751
0.953627
0.965819
0.953545
0.964068
0.993605
0.959337
0.955291
0.956441
0.966531
0.952307
0.964383
0.950783
0.952557
0.958767
0.954538
0.959827
0.959344
0.943183
0.955037
0.992001
0.992844
0.959755
0.950219
0.965984
0.959696
0.971323
0.967766
0.952094
0.943798
0.960274
0.970355
1.00928
0.967663
0.957983
0.948354
0.934827
0.955144
1.21926
1.00222
0.960264
0.964477
0.973236
0.95904
0.93937
0.959624
0.956953
0.984604
0.991647
0.947395
0.952177
0.948544
0.944551
0.958448
0.953553
0.966447
0.944138
0.954312
0.974412
0.939252
0.940182
0.955295
0.945428
0.944361
0.963788
0.949145
0.949017
0.960244
0.9508
0.972642
0.989741
0.932354
0.92514
0.938786
0.951625
0.963889
0.947501
0.945476
0.956402
0.946713
0.949376
0.958036
0.951165
0.994279
0.959074
0.95119
0.994225
0.958835
0.948585
0.990466
0.958054
0.950907
0.954616
0.946899
0.950767
0.969148
0.945793
0.955589
0.957425
0.937522
0.969397
0.934521
0.947981
0.959051
0.965862
0.944463
0.959233
0.934763
0.948721
0.951212
0.954559
0.951666
0.958241
0.951023
0.969769
0.945879
0.959882
0.95923
0.951678
0.956361
0.922837
0.912311
0.932721
0.913991
0.939071
0.964989
0.954907
0.943715
0.955395
0.953724
0.952551
0.965723
0.948796
0.947772
0.969541
0.93709
0.949843
0.95876
0.954621
0.928266
0.913934
0.916306
0.925228
0.952175
0.944482
0.973601
0.931632
0.948269
0.95061
0.915806
0.914285
0.944169
0.917357
0.903198
0.943656
0.95623
0.978478
0.970927
0.955604
0.966259
0.954896
0.93654
0.947478
0.961603
0.932752
0.932987
0.913068
0.92708
0.950517
0.923438
0.914482
0.957201
0.966098
0.994056
0.947302
0.948517
0.954805
0.944628
0.950909
0.945703
0.957484
0.952821
0.981951
0.97366
0.95414
0.9492
0.93331
0.919773
0.913918
