7.21347
3.30227
3.04919
2.49874
2.47207
1.59911
1.43407
1.1078
1.15617
1.07546
1.09475
1.09307
1.13374
1.24843
1.05241
0.997666
0.999087
0.974232
1.02213
0.997082
1.00066
0.978897
0.947516
0.920337
0.954414
0.976827
2.57564
2.50658
2.47767
1.96905
2.56586
2.47997
2.452
2.11523
1.32102
1.33258
1.357
1.3419
1.3395
1.35522
1.34251
1.05827
0.979551
0.982246
0.954313
1.00794
0.985516
1.01346
0.988029
0.984681
0.9772
0.950137
0.981278
0.992314
0.984753
0.995309
0.984667
0.9895
1.01527
0.986893
1.0084
1.00687
0.982427
1.00744
0.993473
0.97656
0.983279
0.980483
0.978277
1.00932
0.980918
0.991364
0.985314
0.975517
0.97118
0.97445
0.986597
0.985339
0.973265
0.986335
0.987344
0.991574
0.971715
0.986483
0.970717
0.953072
0.971305
0.954915
1.00251
0.977616
0.98559
0.98787
0.995864
0.942805
0.934606
0.908814
0.921079
0.905602
0.947894
0.930581
0.942693
0.935424
0.992223
0.946953
0.98361
0.950062
0.950405
0.937315
0.941403
0.922062
0.921677
0.930035
0.95832
0.957985
0.968832
0.949986
0.970451
1.25432
2.58698
2.49666
2.26544
2.10755
2.12999
2.06897
2.01729
0.997981
0.984055
0.984883
1.00667
0.979253
0.970599
0.97941
0.980903
1.07923
0.973065
0.980726
0.982351
0.977775
0.98662
0.983917
0.963841
0.968203
0.991456
0.979275
0.957456
0.950481
0.950267
0.932864
0.959837
0.965303
0.96603
0.943829
0.95525
0.957773
0.952395
0.96076
0.961905
0.949824
0.95213
0.944678
0.946413
0.941525
0.953261
0.939964
0.97879
0.953625
0.954059
0.957355
0.955024
0.940639
0.945689
0.961767
0.932582
0.938909
0.940746
0.931245
0.943939
0.914387
0.920179
0.953385
1.00074
0.987887
0.978155
0.966482
0.991609
1.0002
0.991759
0.994647
0.976795
0.9596
0.954487
0.943849
0.959775
0.992067
0.968128
0.961419
0.942241
0.960192
0.960353
0.953327
0.952867
0.951403
0.938449
0.963453
1.06173
1.12845
1.04348
0.99394
0.98526
1.02181
1.00868
1.06668
1.05315
1.01978
0.980704
0.940581
0.913966
0.827087
0.917567
0.992273
0.9753
0.938575
0.911502
0.919296
0.880591
0.944291
0.90682
0.918063
0.956588
0.907516
0.866785
0.831915
0.941864
0.909353
0.917983
0.905123
0.900564
0.958969
0.916717
0.95013
0.920794
0.852517
0.852951
0.842481
0.881734
0.848023
0.845755
0.927441
0.940821
0.975781
1.00333
0.904998
2.23012
2.31435
2.2667
1.90777
1.28932
1.34178
1.32829
1.35143
1.31515
1.31715
1.31488
1.0328
0.892676
0.825343
0.839341
0.89236
0.924693
0.921586
0.951355
0.914515
0.865711
0.878231
0.925264
0.892964
0.846214
0.823883
0.841274
0.819764
0.834936
0.841976
0.839857
0.837836
0.882839
0.947079
0.927611
0.889331
0.832226
0.841795
0.947063
0.895289
0.927442
0.856937
0.839206
1.02265
0.896243
0.919868
0.91433
0.846114
0.836178
0.843578
0.837092
0.834951
0.858675
0.914131
0.862944
0.906351
0.946797
0.894805
0.835232
0.839261
0.858695
0.929785
0.950563
0.854196
0.832199
0.827869
0.839536
0.901533
0.920981
0.886683
0.860286
0.833726
0.832164
0.841521
0.829466
0.821377
0.824146
0.828249
0.926692
0.932179
0.932863
0.860245
0.848277
0.842637
0.903949
0.9373
0.860301
0.824611
0.84737
0.853085
0.899007
0.924289
0.915254
0.845385
0.841546
0.828684
0.841691
0.834141
0.836161
0.831229
0.835035
0.933919
2.38322
2.4868
2.4666
2.433
1.74375
1.11
1.11108
1.07659
1.11017
1.10592
1.12803
1.09248
1.09553
1.05017
1.41843
2.92105
2.69675
2.55139
1.47777
1.48264
1.41677
1.43265
1.42011
1.40871
1.30245
0.952939
0.931075
0.918577
0.91953
0.920705
1.16743
1.23733
1.20971
1.21739
1.26296
1.20335
1.20643
1.20471
1.21044
1.23353
1.21725
1.2212
1.12205
0.946534
0.932332
0.897339
0.946877
0.938427
0.874467
0.897292
0.971797
0.862963
0.864224
0.968099
0.935605
0.939234
0.899935
0.876191
0.893163
0.890574
0.874981
0.874452
0.947302
0.953637
0.974186
0.955804
0.967791
0.930958
0.961711
0.891885
0.968423
0.947599
0.913488
0.883197
0.874767
0.907725
0.977202
0.95411
0.886303
0.857866
0.888057
0.870541
0.874444
0.918048
1.03165
0.909595
0.952795
0.991803
0.929795
0.976553
0.962592
0.954137
1.04366
1.02044
0.95842
0.954217
0.961768
0.989181
0.959422
0.942632
1.01635
0.969801
0.962472
0.946784
0.952177
0.972103
0.970278
0.938897
0.990924
0.923045
0.956777
0.959322
0.956991
0.959345
0.902842
0.9444
0.899801
0.968735
0.956778
0.954957
0.966682
1.0605
0.917163
0.884755
0.883812
0.947253
0.959011
0.944358
0.962042
0.954094
0.938893
0.966178
0.899806
0.967321
0.968628
0.850614
0.846951
0.881403
0.866489
0.949599
0.915772
0.886479
0.908922
0.937685
0.951944
0.875205
0.893712
0.959387
0.953248
0.891722
0.925099
0.946
0.965136
0.946888
0.951208
0.95434
0.987515
0.936559
0.950181
0.963126
0.942078
0.998881
0.955793
0.947492
0.951166
0.957675
0.955541
0.957621
0.951828
0.951188
0.937389
0.937707
0.942382
0.951126
0.940047
0.94766
0.96677
0.93719
0.866675
0.867159
0.859151
0.9467
0.949646
0.968958
0.967355
0.956776
0.962974
0.899243
0.893135
0.94316
0.977271
0.90476
0.957555
0.938476
1.04785
0.991577
0.964199
0.955471
0.944906
0.90829
0.889716
0.899212
0.900872
0.954169
0.96098
0.958754
0.862903
0.87657
0.873823
0.912631
0.886354
0.958829
0.928588
0.950087
0.95865
0.977344
0.964217
1.34143
2.66016
2.54449
2.14197
2.10898
2.09534
2.13631
1.97324
0.989017
0.976337
0.934559
0.907879
0.912735
0.931621
0.95321
0.925791
0.918921
0.915678
0.86472
0.904234
1.0349
0.980264
0.959949
0.965545
0.958632
0.957369
0.993009
0.974965
0.968778
0.943117
0.968016
0.973903
0.996597
0.98617
0.967718
0.928449
0.943087
0.940569
0.875543
0.932899
0.963539
0.995821
0.983587
0.952885
0.9767
0.961108
0.874833
1.0184
0.972831
0.980853
0.971381
0.947256
0.948503
0.900498
0.912026
0.951563
0.965349
0.96827
1.02547
0.970796
0.939428
0.958972
0.941389
0.961749
0.96691
0.965589
0.976914
0.963532
0.964439
0.96117
0.964159
0.938485
0.966768
0.963972
0.966469
0.945965
1.00561
0.959141
0.962528
0.960569
0.87976
0.958565
0.97805
0.993708
0.984953
0.982142
1.00539
0.970639
1.00315
1.00595
1.01174
0.989865
1.01852
1.00113
1.0107
1.03807
0.99583
1.03104
1.00605
0.95599
0.978107
0.953946
0.976334
1.0262
1.01543
0.962167
0.962242
0.957052
0.987229
1.03051
0.987223
1.00049
1.00076
1.02341
0.982263
0.993334
0.948401
0.92871
0.963268
0.948146
0.963565
0.946676
0.990808
0.97891
0.961531
0.967488
0.962417
0.958675
0.956806
0.963207
0.947848
0.958668
0.996485
0.993656
0.984632
1.00769
0.997087
1.00345
1.00986
0.997342
0.98433
0.933713
0.950365
0.942478
0.94163
0.921918
0.932367
0.937317
0.932968
0.933115
0.932124
0.924898
0.949582
0.988522
1.03812
1.02
0.975311
0.903776
0.928122
0.945873
0.942142
0.954369
0.943099
1.03362
0.956521
0.943651
0.952443
0.952234
0.958243
0.946991
0.956517
0.944671
0.949879
1.26499
1.05468
0.985641
1.00104
0.995366
0.997889
0.991672
0.976237
0.959481
0.941259
0.976909
1.01749
1.02645
0.982316
1.00034
0.971708
0.981386
1.01686
0.95387
0.959426
0.959902
0.978703
1.02262
1.00967
0.985835
0.995168
0.96101
0.964198
0.964204
0.954527
0.968069
0.961973
0.992024
0.986491
0.997289
0.985289
1.01077
1.00935
0.972832
0.94575
0.953494
0.989107
1.00927
0.990927
0.994268
0.971333
1.00662
0.964529
1.02052
0.974031
0.976599
0.989951
1.04831
0.998779
0.958612
0.960485
0.997251
0.995603
0.96782
1.00293
0.937038
0.966007
0.938276
0.924138
0.906785
0.898286
0.886068
0.931293
0.909044
0.901533
0.907785
0.931553
0.923001
0.909465
0.896972
0.912922
0.903038
0.902216
0.939654
0.943833
0.926116
0.93022
0.886512
0.92551
0.955555
0.942406
0.951569
0.953258
0.956462
0.952972
0.951121
1.26328
1.04596
0.977009
0.995475
1.05922
0.971046
1.03595
0.958218
0.986237
1.00303
0.97251
0.958708
1.001
1.00435
0.986255
0.976349
0.95991
0.966746
0.987325
0.988678
0.958239
0.940401
0.971266
0.980722
0.990328
0.990403
1.00849
0.983212
0.982402
1.03662
0.976122
1.01425
0.972584
0.970575
0.999267
0.990359
0.962991
0.979395
0.983767
0.985354
0.960255
0.970161
0.968119
0.974234
0.984696
0.988054
0.959543
0.966792
0.971067
1.83286
2.5653
2.52169
2.5479
2.45824
2.287
1.05227
1.05785
1.07989
1.04175
2.3931
2.50672
2.27326
2.66079
2.48123
2.52919
1.76341
1.43945
1.43629
1.43516
1.45035
1.4258
1.40829
1.00379
2.41943
2.65647
2.55704
2.16612
1.3707
1.36472
1.35352
1.3708
1.34695
1.33309
1.34459
1.08487
1.07709
0.944919
0.994711
0.971542
0.913014
0.912716
0.92452
0.956853
0.945095
1.08383
0.995622
1.0425
1.01243
0.989169
0.990412
0.990703
0.990814
0.997906
0.987152
0.993053
0.988024
0.988322
1.03716
0.965751
0.974862
0.99705
0.988764
0.945634
0.994829
0.990249
0.995492
0.998914
0.973374
1.00668
0.986566
0.986212
1.02159
0.974077
0.993008
0.975384
0.990907
0.988527
1.01662
0.988774
0.98624
1.01079
1.023
1.0178
1.04161
0.969366
1.00483
1.01098
0.978767
1.02958
1.02823
1.01099
1.00192
0.998138
1.00318
1.00047
1.00563
1.02465
1.05061
1.03192
1.02151
1.01426
0.983394
1.03144
0.953228
0.949204
0.916404
0.942401
2.94437
0.944356
0.954306
0.951451
0.937247
0.949154
0.987943
0.965966
0.994838
0.974219
0.940186
0.982003
0.954624
0.958157
0.957896
0.947722
0.958177
0.979997
0.982803
0.978382
1.00191
0.995824
0.975282
0.970099
0.97191
0.991608
0.984701
1.00002
0.97406
0.916436
0.93669
0.945501
0.928977
0.912033
0.913887
0.902331
0.966829
0.980923
0.968337
1.00361
0.94571
0.959088
0.97128
0.980609
0.925838
1.01066
1.0075
1.01776
0.968392
0.979633
1.02311
0.992872
0.955353
0.979311
0.941415
0.962005
0.954585
0.957378
0.958445
0.981595
0.945117
0.963919
0.959206
0.95987
0.954034
0.957177
0.949714
0.954346
0.99843
0.977137
1.04969
1.00653
0.971032
0.958484
0.963208
0.965106
0.965756
0.945804
0.9608
0.964073
0.94108
0.955995
0.995338
0.919814
0.940824
0.949441
0.946252
0.947209
0.99181
0.990532
1.0169
1.01546
1.03867
0.954194
0.942544
0.958927
0.990934
0.960934
0.951349
0.99194
0.994953
0.982402
0.972118
1.00781
0.998212
0.980462
0.991595
1.05713
1.03236
4.13044
1.02326
0.994816
1.00697
0.997907
0.970489
0.992897
0.975902
0.974795
0.971296
1.02065
1.01097
0.990389
0.954608
0.964834
0.998426
1.01485
0.985107
1.00079
0.990363
0.985431
0.94585
0.961381
0.958333
0.979123
0.960414
0.957232
0.94157
0.925977
0.924115
0.933902
1.04891
0.994435
0.953337
0.972705
0.971845
0.965152
1.00354
1.01365
2.42503
2.52742
2.52735
1.6969
1.50543
1.53062
1.64879
1.49907
1.52167
2.17314
2.57705
2.62187
2.52843
1.53566
1.2335
1.24269
1.21621
1.20055
1.23463
1.25899
1.2439
1.12294
0.987461
1.01128
1.00264
0.971987
0.961177
0.95676
0.950733
0.946065
0.958073
0.958259
0.956487
0.993399
0.976279
0.967819
1.00567
0.953307
0.946425
0.969617
0.947641
0.931059
0.976002
1.00716
1.01245
0.982
0.977365
3.85191
0.967716
0.944371
0.961998
0.992606
0.960023
0.943652
0.967425
0.951174
1.32873
2.57752
2.50457
2.52176
2.45226
2.47792
1.16588
1.05763
1.02674
1.05784
1.03312
1.05902
1.01596
1.04902
1.07001
1.0543
0.99905
0.983486
0.960526
0.98128
0.91789
0.893526
0.936314
0.944577
0.905389
0.932055
0.929895
0.994961
0.9757
0.973907
1.84319
2.59337
2.47995
1.9383
1.94389
1.89382
1.92333
1.94437
1.02368
1.00085
0.97612
0.963558
0.989201
0.992465
0.978647
1.03641
0.970328
0.987813
1.01579
0.988896
0.983103
0.996309
0.968207
0.993103
0.960576
0.959001
1.03286
0.94149
0.947378
0.969234
0.973883
0.959944
1.05382
1.01961
0.969645
0.961378
1.01382
0.965768
1.01332
1.03511
1.01379
1.00235
0.988555
0.998611
0.980673
0.962158
0.99438
0.932168
0.949323
3.01285
1.06136
1.03235
0.979009
0.994008
0.986175
0.95214
1.00891
1.02374
0.972338
0.960391
0.94659
0.926629
0.914644
0.945697
0.939956
0.907187
0.918228
0.941275
0.947719
0.953596
0.948334
0.94972
0.948054
0.941845
0.941437
0.952963
0.942956
0.965363
0.920235
0.962387
0.983559
0.931476
0.912005
0.922092
0.911511
0.931351
0.925845
0.979309
0.991651
0.963795
0.974628
0.957033
1.00039
0.976707
0.992311
0.985895
0.994441
0.978251
1.00073
1.00354
0.892961
0.924016
0.955442
0.969322
0.980356
0.992561
0.974758
0.950714
0.988566
0.975637
0.978841
0.999027
0.972704
0.988485
0.973481
0.976828
0.96941
0.940392
0.979655
0.997894
0.97935
0.962083
0.987986
0.984962
0.97519
0.986183
0.996202
0.992436
0.980509
0.976343
0.994537
0.988321
0.996252
0.978802
0.987832
0.947825
0.962685
1.03002
0.990403
1.01992
1.85026
2.56423
2.50029
2.61492
2.4339
2.31509
2.25505
2.29351
1.58406
1.0113
1.00055
0.986499
0.988085
1.00109
0.99018
2.37432
1.01437
0.995528
0.993003
0.987151
0.958203
1.02828
0.96297
0.964277
0.965784
0.955557
1.00308
0.988136
0.991242
1.04715
0.999711
0.972454
1.00823
0.981778
0.980891
1.00113
0.994674
0.988311
1.05265
1.00694
1.04057
0.97861
1.0177
0.985349
1.00299
0.966716
1.00749
0.997586
1.00266
0.994601
1.01589
0.98389
0.979846
0.979591
0.954717
0.956882
0.995589
0.995632
0.983199
0.989495
0.997939
1.01783
1.01292
0.948781
0.973532
0.980071
1.01037
1.02065
1.00433
1.01515
0.982874
1.00084
1.01107
1.00735
0.967297
0.952157
0.958326
0.942299
0.957553
0.981722
0.938862
0.967813
0.958978
0.941161
0.940556
0.9624
0.969942
0.964965
1.01384
0.999068
1.00218
1.01822
0.961132
0.969516
0.993385
1.03926
1.07234
1.02926
0.995736
1.002
0.967086
0.938936
0.999244
0.977962
0.960926
0.959546
1.00769
0.999564
1.01724
1.04764
1.00513
0.977187
0.973013
0.964936
0.939792
0.954335
0.925773
1.10835
0.948723
1.00052
0.992642
0.994526
0.987797
0.979541
0.99372
0.994576
1.00346
1.00798
0.971305
0.960934
0.987102
0.980205
0.995966
1.06737
1.00718
0.998332
0.992279
0.989168
0.987188
0.983733
1.01399
1.00955
0.957544
0.98006
0.940171
0.925854
2.57127
2.53866
2.42686
2.47313
2.21237
1.03715
1.06692
1.0683
1.05683
1.04423
1.06235
1.06285
1.05621
1.04036
0.929493
1.00002
1.01315
1.03048
1.83031
2.55006
2.35152
2.55203
2.36635
2.36133
2.25023
1.60014
1.65846
1.62726
1.58791
1.64612
1.60704
0.974876
0.977509
0.988226
0.954119
0.94249
0.935332
0.935379
0.937663
0.926947
0.950333
0.925487
0.953697
0.951401
0.918274
0.953767
0.956295
0.916441
0.898263
0.910314
0.892436
0.912732
0.918465
0.937256
0.921799
0.950445
0.961904
0.957029
0.921478
0.930807
0.91943
0.9476
0.944891
1.02667
0.969157
0.979988
0.971939
0.952843
0.947334
0.951799
0.927137
0.942524
0.942085
0.975726
1.01483
0.975976
1.02445
1.00203
0.972804
0.898533
0.959752
0.939138
0.959607
0.947443
1.04676
1.01147
1.01194
0.995194
0.960093
0.94378
0.981411
0.96416
0.97275
0.951908
0.953968
0.965769
0.940711
0.978445
1.00656
0.953602
0.954262
0.977903
0.954912
1.03254
1.04694
1.03335
0.960138
0.97125
0.944701
0.94986
0.913335
0.951115
0.970926
0.947844
0.948855
0.910211
0.903412
0.939721
0.930515
0.923009
0.94015
0.955236
0.922013
0.89712
0.890404
0.904717
0.957187
0.946349
0.962916
0.909647
0.910343
0.881758
0.908102
0.906606
0.923552
0.918384
0.933432
0.930072
0.96549
0.947876
0.94143
0.93078
0.936121
0.906369
0.907324
0.932593
0.959487
0.956279
0.89728
0.936287
0.929952
0.945282
0.936868
0.945493
0.930484
0.940562
0.935621
0.939341
0.93964
0.952245
0.960672
0.97176
0.962403
0.95662
0.954702
0.952569
0.961473
0.960291
1.03602
0.993697
0.973377
0.981289
0.9754
0.973959
0.978406
1.00112
0.986797
0.95234
0.998422
1.02922
0.992148
1.01232
0.988293
0.990446
0.963954
0.986061
0.981198
0.98128
1.00772
0.978496
0.954256
0.999152
0.955802
0.976126
0.986487
0.944188
0.96431
0.953936
0.965757
0.988333
0.974107
0.995081
0.995454
0.985208
0.976668
0.999918
0.985109
1.00107
0.980088
0.99411
0.966138
0.98535
0.970839
0.989867
0.981384
0.979246
1.01025
0.985234
0.976363
0.976657
0.964175
0.964132
0.939952
0.947306
0.959583
0.911383
0.955991
0.958137
0.943879
0.965625
0.994961
0.947868
0.938693
0.976841
0.943195
0.95146
0.967106
0.979436
0.954032
0.95812
0.96938
0.998834
0.996832
0.983709
0.99582
0.974107
0.970696
0.97967
1.01359
0.990947
1.0179
1.0296
1.0295
1.89567
2.6345
2.57919
1.69663
1.6809
1.69376
1.64606
1.61883
1.64805
0.946328
0.967795
0.967869
0.940823
0.991934
0.966424
0.970069
0.958159
0.952336
0.958483
0.953901
0.940077
1.01199
0.923856
0.934383
0.926494
0.913781
0.9043
0.931287
0.936689
0.944611
0.946075
0.948552
0.939344
0.956788
0.928588
0.933841
0.946061
0.92544
0.94485
0.952645
0.941901
0.949924
0.963138
0.949574
0.988231
0.941041
0.94342
0.969499
0.966918
0.946247
0.974277
0.987923
0.965037
1.00765
0.966369
1.00492
0.985073
0.984737
0.96943
1.00432
0.983055
0.989424
1.26599
0.970062
0.966794
0.974089
0.996927
0.967393
0.970443
0.981024
0.996619
0.977259
0.974268
0.976623
1.00023
0.981983
0.983291
0.977642
0.993694
1.00469
0.966626
0.982438
0.960648
1.0027
0.989376
0.951411
0.993073
0.950558
0.942209
1.02643
0.967057
0.969105
0.992071
0.987148
1.02281
1.02714
1.00827
0.959362
0.952945
0.980423
0.974226
0.930773
0.981836
1.00822
0.961433
1.00944
0.967044
0.898853
0.950944
1.00645
0.989494
1.02397
1.01852
0.994698
0.994592
0.994745
0.978456
0.967572
0.944094
0.937089
0.944058
0.961258
2.48396
2.49737
2.57396
2.51576
1.33394
1.18043
1.95737
2.53915
2.46026
1.73589
1.5133
1.5031
1.51385
1.48492
1.78186
1.34817
1.0033
0.98086
0.978919
0.957703
0.970783
0.984687
0.97782
0.966409
0.992059
0.982985
0.981092
3.12429
2.53181
2.53452
1.71538
1.67517
1.69303
2.61175
2.60043
1.89405
1.71704
1.71707
1.65603
1.70061
1.71267
0.993678
0.982607
0.987574
1.039
0.970188
0.979179
0.974442
0.995207
0.996606
0.986364
1.26187
0.99034
0.972307
0.96426
0.950638
0.98822
0.999379
1.00114
0.992026
0.989224
0.949657
0.952851
0.963783
0.992822
1.00574
0.960364
1.00215
1.01461
0.978444
0.994718
0.99297
0.990284
0.978909
0.963351
0.972873
0.961258
1.0407
1.01061
1.00765
0.9862
1.02703
0.995576
0.965891
0.983945
0.991505
0.981222
0.99124
0.981588
0.980605
0.977509
0.977766
1.01253
1.05279
1.66028
1.01493
0.930908
0.953785
0.973055
1.03436
1.01891
0.984389
0.961574
0.945118
0.986463
0.935414
0.929547
0.943962
0.942019
0.922566
0.95692
0.863385
0.860924
