16.1344
15.4169
4.98417
6.87801
5.03945
9.65705
3.57417
3.20795
2.29685
1.40752
1.27188
3.04529
3.49865
2.12867
6.40667
2.75625
2.06125
9.43342
1.97829
5.49468
6.83832
2.72502
2.31118
2.37753
1.57531
5.14162
1.23371
4.84326
1.46443
1.49078
1.48577
2.24327
1.76513
1.93013
1.84006
1.79066
1.49464
1.6378
2.17649
1.51505
1.4928
1.79691
2.79835
1.66437
1.66427
1.95393
1.62057
1.62317
0.832093
1.70649
1.54693
1.6477
1.54968
1.86414
1.80005
2.03458
2.06235
1.53913
1.44596
1.541
2.0379
1.44175
1.57457
1.64396
1.69937
1.45078
1.58402
1.49481
1.65027
2.71697
1.43539
2.73373
1.31833
1.27015
1.48265
1.38049
1.52687
1.71505
1.99219
0.90001
1.7559
2.65916
1.53538
1.64308
2.95154
3.21811
1.93635
1.77208
2.61772
1.38441
1.76559
1.79548
1.67497
1.58486
1.59122
1.87515
1.84671
1.3371
1.50067
1.52374
1.40497
1.54207
1.50197
1.56783
1.47095
1.3246
1.71869
1.44034
1.74714
1.2449
1.64632
1.51506
1.29291
1.64185
1.21143
1.45576
1.47483
1.31014
1.55332
1.3771
1.30402
1.55261
1.36892
1.8897
1.4168
1.06858
1.68783
1.49419
1.47809
1.53253
1.35256
1.41471
1.20323
1.44195
1.64445
1.37871
1.20368
1.53663
1.21942
1.87949
1.79358
1.63381
1.54439
1.96567
1.6173
1.71516
1.8679
1.45369
1.45673
2.25948
1.91728
1.50691
2.13149
1.60993
1.54947
1.49584
1.52275
1.55661
1.62613
1.66451
1.52178
2.32436
3.50667
2.902
1.72741
1.73039
1.7703
1.73629
2.2384
1.82436
1.77002
1.93104
1.76757
1.94074
1.68912
1.58038
1.63394
1.68737
1.94724
2.20248
115.545
1.77307
2.12331
1.96779
2.12811
1.89572
1.70245
1.73904
1.86069
2.72618
3.84457
4.04212
4.09073
2.57078
1.88453
2.06544
2.25759
2.04468
1.89754
1.89647
1.94793
2.09888
1.85904
1.90352
2.34678
2.93378
2.51048
0.972454
1.99527
2.08086
2.09893
1.92132
1.94126
3.90766
2.34424
1.95737
2.17074
2.08492
3.52626
2.29862
1.86167
1.71867
2.00398
2.44691
1.86017
1.87813
1.8719
2.08631
1.87816
1.82162
2.06886
1.89146
1.9996
2.09104
2.11028
2.04431
1.77506
1.78701
1.9691
1.93919
1.53463
2.04641
1.97085
2.11551
2.37563
2.03471
1.7822
1.74127
2.28946
2.55472
2.45103
1.72693
1.38464
1.37184
1.51957
1.42921
0.658468
1.36131
1.47149
2.14522
1.78706
1.66171
1.94484
1.89943
1.86622
2.39763
1.8476
1.88541
1.88977
1.7986
2.16523
2.90136
1.66559
2.13049
1.63826
1.94622
2.13977
2.4452
2.14986
2.48234
2.46131
2.16919
2.43241
2.16899
1.9736
1.95747
1.9842
1.71369
1.87786
1.89202
1.93162
1.72319
2.01225
2.05351
1.89264
1.72852
1.87744
1.63208
0.855636
1.9122
1.83476
2.1596
1.95485
1.8119
1.59082
3.32644
1.6746
1.73019
1.75566
1.69499
1.91246
1.64601
1.6697
1.63779
1.62205
1.71035
1.74499
1.71494
1.59492
0.7453
1.28932
1.5022
269.471
1.70061
2.39512
6.25265
1.69701
1.7635
1.75618
1.83125
1.67298
1.63643
1.75496
1.92803
3.24127
1.7549
1.71123
1.04624
1.79236
2.50843
1.99988
1.52441
1.658
4.71051
1.74227
1.61985
1.67434
1.87607
1.68224
2.02897
1.93667
1.71239
1.87539
1.63328
1.78628
1.86416
1.66862
1.764
1.78198
1.65359
1.73
1.6281
1.75917
1.8642
1.6803
1.74771
1.64813
1.705
1.77219
1.63951
1.90715
1.80594
1.72338
1.76582
1.60825
1.64365
1.83481
1.59723
1.79238
1.8551
1.85151
1.81669
1.96446
1.59009
1.46659
1.1926
1.60912
1.40844
1.82988
1.09197
1.80628
1.96539
1.73639
1.69107
1.87034
1.63783
1.75316
1.71339
1.79075
1.71013
1.72787
1.82616
1.68423
1.77416
1.88669
1.80309
1.6089
1.80445
1.71783
1.73154
1.65553
1.77708
1.66727
1.68488
1.84504
1.65774
1.74673
1.82101
1.88457
1.78663
1.6849
1.68709
1.6964
1.69022
1.63087
1.5626
1.72777
1.79115
1.81933
1.78415
1.72582
1.67867
1.0074
1.71491
1.79966
1.73766
1.76248
1.80952
1.75314
1.93428
2.00543
1.84191
1.87602
1.70489
1.73199
1.73829
1.70546
1.71869
1.68405
1.73176
1.77051
1.54936
1.47134
1.62006
1.7492
1.99007
1.71751
1.77741
1.94241
1.75419
1.75519
1.72766
1.73179
1.71405
1.79885
2.01089
1.77867
1.75309
1.92751
1.90368
1.73553
1.92556
1.67426
1.68346
2.11403
1.71476
1.88025
1.84753
1.78038
1.78731
1.63999
1.93856
1.00032
1.8483
1.75604
1.71429
1.90644
1.77968
1.76202
1.85474
1.6884
1.86769
1.78493
1.79927
1.99244
1.70177
1.73879
1.89832
1.82262
1.91622
1.84555
1.94219
1.94303
1.78537
2.15175
1.78617
1.73347
1.7311
1.78065
1.76189
1.77201
1.69346
1.79589
106.307
4.04227
10.3028
10.0393
6.56446
2.32523
4.84251
8.89991
2.89208
1.69209
2.93732
1.72294
1.72481
1.91212
1.81108
1.56896
1.65926
1.73184
2.03708
1.79356
1.77825
1.85292
1.76814
1.78051
1.76895
1.86664
1.64472
1.68477
2.10122
1.76313
1.66798
1.69943
1.77839
1.71374
1.69858
1.68452
1.49462
2.00399
1.77665
1.85732
1.59172
1.93821
1.42993
1.35222
1.38152
1.59184
1.30054
1.34957
1.48171
1.28477
1.4307
1.16486
1.22758
1.40058
1.49362
1.50214
1.29474
1.41734
1.60852
1.50869
1.64337
1.5354
1.45458
1.31471
1.69046
1.29588
1.29806
1.37875
1.50841
1.28648
1.39929
1.19189
1.71202
1.49088
1.56416
1.46846
1.33965
1.87307
0.936296
1.76511
1.57837
1.46191
1.83401
1.95509
1.67434
0.874666
1.75445
1.61231
1.74377
1.66535
1.63727
1.62965
1.87673
1.60935
1.68422
1.80361
1.61677
1.59667
1.64489
1.60512
1.63411
1.72016
1.57619
1.72389
1.66657
1.71693
1.99131
2.06454
1.7004
2.08968
1.73937
1.7736
1.66142
2.00286
1.69633
1.75849
1.74418
1.73097
1.64504
1.81486
1.70336
1.60387
0.890196
1.6963
1.66398
1.60799
1.74482
1.70225
1.57303
1.81537
1.72613
1.98495
1.85733
1.75875
1.68698
1.56131
1.56651
1.4829
1.63083
1.60836
1.65203
1.67565
1.76669
1.7776
1.80071
1.7209
1.7871
1.73114
1.69183
2.00156
1.68903
1.64905
1.70491
1.73223
1.652
1.67772
1.66585
1.80791
1.63253
1.73656
1.70179
1.88146
1.67728
1.67322
1.6322
1.6834
1.66669
1.91226
1.70169
1.67776
1.62424
1.72874
1.8739
1.64603
1.88517
1.70165
1.73625
1.8491
1.69754
1.88717
1.74102
1.73809
1.84023
1.67869
1.74787
1.74872
1.59481
1.69101
1.72202
1.71031
1.4263
1.70427
1.55936
1.74285
1.60464
1.3637
1.7053
1.66392
2.75589
1.67766
1.87877
1.69362
1.59519
1.72495
1.8956
1.90072
6.13771
1.63273
1.75143
1.76572
1.65871
1.7835
1.72429
1.89617
1.71456
1.87837
1.72792
1.72576
1.65086
1.61125
1.95353
1.74201
1.6113
1.64047
1.729
1.70778
2.81233
1.69992
1.56997
1.54409
1.68604
1.59914
1.58474
1.64065
1.6297
145.143
1.95748
4.06714
3.51758
1.63664
2.03247
1.7715
1.63243
1.62252
1.73943
1.68316
1.81093
1.84574
2.87825
1.73541
1.88961
1.81745
1.75464
1.76526
1.64173
1.88486
1.60977
1.80475
1.911
1.58198
1.84164
1.57445
1.73992
1.65126
1.68979
1.73137
1.71457
2.11182
1.87932
1.70616
1.81121
1.7491
1.6721
1.77969
2.03173
1.61588
1.7517
1.882
1.9508
0.96615
1.95273
2.60564
1.25189
1.9723
1.40799
1.52737
1.26338
1.50564
1.41878
1.24347
1.44603
1.32456
1.41939
1.26935
1.24583
1.24748
1.26362
1.32636
1.23774
1.40911
1.55871
1.28987
1.24635
1.66661
0.63982
1.46887
2.99673
1.67458
1.30332
1.55716
1.7486
1.50227
1.46481
1.42242
1.51108
3.13976
1.44947
1.28676
1.31565
1.23922
1.62867
1.32676
1.20164
1.15986
1.28522
192.083
1.97917
2.34432
1.71987
1.82002
2.27847
1.51996
1.89032
1.77337
1.69264
1.77286
1.79943
1.87888
2.02253
1.84858
1.46934
1.82082
1.67485
1.98782
1.86834
6.71659
3.07031
3.18358
3.93649
3.42501
1.72156
1.82533
1.82508
1.74715
2.06275
1.71643
1.9914
1.86153
1.75427
1.94276
1.8183
2.01867
1.84814
1.87121
1.79097
2.10986
0.871837
1.66833
1.81958
1.74405
1.77143
1.44235
1.70174
1.73241
1.69797
1.64484
1.94669
2.39703
1.68633
1.75511
1.84141
1.75942
2.05986
1.89161
1.94162
1.90251
1.75799
2.15073
2.01928
2.07702
2.57646
1.88919
1.81812
1.67596
1.88885
1.77252
1.82879
1.91626
1.80357
1.74405
2.0568
1.97615
0.890009
2.08314
2.02114
1.8421
1.75534
1.8285
1.67267
1.68658
1.77827
1.82892
2.06389
1.71363
1.73425
1.64524
1.70801
1.77235
1.71583
1.68616
1.60216
1.66942
1.63518
1.84168
1.99777
1.94524
1.76658
1.69255
2.06761
1.8504
1.67479
1.6477
1.93446
1.74181
5.9852
2.43648
1.91053
2.00658
1.81838
0.842189
1.82129
1.7916
2.04005
1.68769
1.00234
1.66505
1.8038
1.60973
1.69641
1.60416
1.73871
89.1488
2.88695
4.3666
2.37548
3.3594
3.64343
3.21615
3.18536
3.3058
3.34102
3.20581
3.27439
3.40975
3.34184
1.81398
2.07461
1.62389
1.6796
1.7338
1.47588
1.71882
1.62529
1.5852
1.65869
1.57742
1.50389
1.65659
1.69289
1.75484
1.67295
1.63228
5.84669
1.64946
1.66397
2.03389
1.78468
1.8225
1.65793
1.71043
1.95686
2.03255
1.36787
1.7563
1.12775
1.61932
2.06395
1.62733
1.8486
1.82883
1.80112
1.77113
1.72282
1.63649
1.52851
1.60695
1.76226
1.58813
1.91301
1.69794
1.61007
1.56072
1.88025
1.60682
2.65068
1.78381
1.56696
1.68306
1.77503
1.67762
1.81655
1.8647
1.98725
1.73641
1.65091
1.66607
1.75869
1.67493
1.69729
1.61165
1.67595
1.55266
1.7533
1.56894
1.65114
2.01413
1.71539
1.84808
1.89965
1.60255
1.65304
1.9054
1.67879
1.84119
0.968521
1.71925
1.69699
2.04027
1.72532
1.70137
1.58505
1.59093
1.58503
1.61981
1.72866
1.66524
1.61057
1.62356
1.70938
1.65221
1.73924
1.77542
1.60196
0.825845
1.72337
1.57201
1.6959
1.60392
1.58726
1.83988
1.5693
1.59133
1.61254
1.56792
1.67119
1.61222
1.67345
1.87986
1.60976
1.61439
1.58489
1.61226
1.60254
1.66423
1.73288
1.71114
1.5789
1.82354
1.63643
0.781248
1.54978
1.55137
1.66684
1.89728
1.73642
1.55145
1.6667
1.3405
1.67715
1.55376
1.86145
1.71135
1.57385
1.78237
1.69803
1.57678
1.99046
1.6057
1.68322
1.58539
1.85029
1.57028
1.65754
1.77018
1.6965
1.64576
1.67565
1.67949
1.6215
1.7248
1.93394
1.82667
1.7409
1.70203
1.80409
1.68613
1.93131
1.54345
5.62038
1.64589
1.51264
1.36231
1.68498
1.23761
1.41545
1.19971
1.34221
1.98348
1.26312
1.6158
1.48343
1.27529
1.33627
1.45012
1.25321
1.57754
1.36179
1.61062
1.40155
1.36221
1.33897
1.36273
1.24882
1.26568
1.38347
1.44968
1.30564
1.36956
1.44376
1.4724
1.60347
1.38056
1.13382
1.48182
1.27891
1.62139
1.22511
1.46893
1.33239
1.37197
1.3416
1.29941
1.22568
1.3781
1.81109
1.36049
1.35811
1.44343
0.710621
1.1794
1.39747
1.25849
1.40568
1.70575
1.71815
1.78374
1.83268
1.69426
1.65242
1.70144
1.66065
1.93161
1.67432
1.767
1.66597
1.80801
1.62581
1.75033
1.66166
1.6428
1.57295
1.6309
1.60753
1.6696
2.03877
1.64988
2.4314
2.13161
1.58208
1.74505
1.64222
1.7993
1.66565
1.86438
1.68021
1.68912
1.78825
1.56046
0.825613
1.90434
1.53997
1.68663
1.68515
1.79454
1.31172
1.26931
1.43531
1.30895
1.57572
1.30674
1.17128
1.28417
1.06723
1.48026
1.54837
1.51088
1.57333
2.26248
1.53842
1.87533
1.51215
1.34379
1.29658
1.42959
1.31016
1.30678
1.43888
0.677628
1.28369
1.25819
1.25644
1.31259
1.34042
1.43647
1.30205
1.24078
1.53559
1.44152
1.39792
1.59165
1.37845
1.45609
1.42185
1.38207
1.55361
1.43726
1.31829
1.29388
1.37047
1.36824
1.45538
1.62628
1.46984
1.73781
1.35183
1.85895
1.76147
1.93894
1.74556
1.80873
1.93765
1.62899
1.90585
2.57138
1.54263
1.60613
1.78376
1.6946
2.01691
1.88394
1.58063
1.83786
1.83343
1.65617
1.7116
1.66507
1.77348
1.73765
1.59651
1.74036
1.73456
1.58788
1.75472
1.43763
1.70373
1.79554
1.66758
1.60804
1.28649
1.71493
1.70191
1.65649
1.58381
1.5636
1.7975
1.62878
1.67451
1.81176
1.84654
1.67972
1.59061
1.74785
1.66177
1.87287
1.82452
1.65134
1.6267
1.705
1.67071
1.71769
1.64009
1.70052
1.54796
1.61959
1.52349
1.68342
1.75909
1.68577
1.78564
1.60686
1.63394
1.46383
1.26531
1.31014
0.604885
1.39645
1.46692
1.28682
1.35967
1.22426
1.37646
1.24233
1.37319
1.50584
1.45979
1.34069
1.33284
1.64014
1.40291
1.29467
1.64862
1.6953
1.60736
1.60541
1.84989
1.64122
1.77156
1.3925
1.663
1.59895
1.7538
1.66587
1.65976
1.58425
1.67277
1.74242
1.61465
0.88628
1.62286
1.57945
1.62749
1.33405
1.8206
1.57273
1.68728
1.67259
1.57363
1.88559
1.76485
1.87067
1.4826
1.50763
1.72745
0.81613
1.58072
1.69348
2.00319
1.69159
1.85652
1.63251
1.82226
1.68896
2.58186
1.66501
1.94572
1.60639
1.55051
1.78896
1.77917
1.51597
1.65766
1.50858
1.53175
1.6014
1.55885
1.49676
1.55649
1.30052
1.45488
1.61324
1.79921
1.21057
1.2207
1.27355
1.23494
1.32971
1.44024
1.69117
1.33844
1.22441
1.41756
1.37994
1.3159
1.33994
1.36949
1.46095
1.58651
1.7546
1.5051
1.52753
1.31072
1.57959
0.611837
1.21729
1.34502
1.2082
1.51654
1.72045
1.39253
1.4305
1.2636
1.38582
1.25671
1.27708
1.1367
1.13272
1.21243
1.33103
1.31806
1.25621
1.19179
1.17338
1.23011
1.21594
1.42664
1.2616
1.18596
1.1862
1.26693
1.5631
1.45115
1.53395
1.51845
1.41698
1.46694
1.44258
1.31068
1.19964
1.45129
1.61324
1.49461
1.24553
1.31802
1.3644
1.2804
1.46851
1.81946
1.37477
1.52985
1.21396
1.31754
1.31807
1.42204
1.40736
1.55099
1.16622
1.57661
1.29055
1.45488
1.31818
0.615143
1.31288
1.20098
1.21835
1.53982
1.21874
1.20739
1.24687
1.55647
1.14425
1.12908
1.13825
1.10672
1.27132
1.22369
1.20587
1.30741
1.38248
1.44136
1.37057
1.39633
1.42125
1.25082
1.51218
1.33852
1.50514
1.55926
1.7486
1.89492
1.63945
1.70878
1.55832
1.63065
1.5752
1.50031
1.20807
1.15647
1.24502
1.59752
1.26203
1.25184
1.53791
1.5636
1.50643
1.45339
1.20257
1.26985
1.15619
1.01038
1.20954
1.26031
1.4947
1.67497
0.618969
1.43225
1.28719
1.35214
1.22434
1.58171
1.36105
1.49705
1.39766
1.51192
1.69447
1.30214
1.18727
1.20614
1.18593
1.25047
1.21669
1.33729
1.44629
1.43989
1.45137
1.2514
1.44563
1.33219
1.37476
1.20834
1.9487
1.59323
1.33111
1.47918
1.47345
1.30033
1.39301
1.36806
1.35816
1.44154
1.38691
1.40674
1.49035
1.34374
1.5483
1.58233
1.47026
1.38324
1.80089
1.56164
1.50693
1.56287
1.6707
1.47149
1.31242
1.46507
1.16124
1.30092
1.20494
1.41999
1.19061
1.21159
1.21967
1.42238
1.23459
1.24714
1.31229
1.10382
1.2002
1.1498
1.27249
1.25819
1.51201
1.39777
1.37043
1.27329
1.55371
1.1738
1.21162
1.16005
1.19838
1.51914
1.28775
1.26144
1.26441
1.41221
1.30119
1.09954
1.23059
0.596078
1.36508
1.29744
1.44682
1.32844
1.46192
1.41696
1.73971
1.19439
2.16234
1.41876
1.2819
1.39732
1.19033
1.50905
1.38259
1.07738
1.29302
1.33756
0.970952
1.29392
1.35958
1.35914
1.3516
1.23393
1.65443
1.52492
0.801012
1.54363
1.52282
1.40342
1.3404
1.41534
1.44349
1.38993
1.43297
1.45855
1.50487
1.63124
1.54615
1.62514
1.56715
1.61824
1.59557
1.55622
1.82294
1.57131
1.51022
1.6235
1.79137
1.51502
1.61132
1.53363
1.47699
1.41372
1.53899
1.63273
1.26303
1.46261
1.59836
1.40288
1.62899
1.56778
1.49756
1.6105
1.63271
1.36682
1.3955
1.50658
1.57286
1.61914
1.76439
1.57947
1.51727
1.63989
1.45698
1.50921
1.54967
1.59728
1.60847
1.30502
1.49661
1.57062
1.65531
2.09313
1.51936
1.56555
1.511
1.54996
1.55449
1.52115
1.51413
1.52124
1.66261
1.5759
1.66988
1.69375
1.49054
1.47869
1.3758
1.31128
1.48398
1.89966
1.43803
1.46396
1.47206
1.55264
1.59372
1.58518
1.43429
1.63817
1.62123
1.28079
1.7002
1.37508
1.49274
1.45814
1.71281
1.41119
1.47688
1.56591
1.7128
1.56256
1.69364
1.57952
1.48143
1.42733
1.50827
1.52168
1.54055
1.16066
1.46208
1.4181
1.43233
1.22586
1.54444
1.50201
1.39305
1.42986
1.48487
1.38365
1.54327
1.45722
1.55446
1.44872
1.43309
1.47262
1.44955
1.57235
1.36118
1.5472
1.87419
1.83376
1.77641
1.40159
1.45383
1.3686
1.16685
1.19973
1.12062
1.19293
1.17148
1.18922
1.21422
1.13756
1.27599
1.16784
1.07535
1.25768
1.16796
1.21578
1.25793
1.42495
1.45618
1.43723
1.46257
1.4766
1.63745
1.3867
1.37407
1.41261
1.39342
1.71082
1.61711
1.4264
1.60777
1.39364
1.46709
1.49988
1.21682
1.41138
1.27784
1.49172
1.47089
1.66431
1.51605
1.4116
1.56802
1.4143
1.56511
1.17735
1.24474
1.1709
1.25703
1.15232
1.14993
1.19042
1.12532
1.43696
1.44469
1.32649
1.29935
1.22197
1.18981
1.23774
1.21019
1.18226
1.19026
1.16159
1.36644
1.36795
1.24117
1.22089
1.19231
0.948268
1.1047
1.24475
1.10905
1.1225
1.08011
1.08689
1.13984
1.1092
1.0953
1.11341
6363.89
2.12851
2.94629
2.95732
3.76835
2.45853
3.05608
2.76537
2.54778
1.51933
2.77117
2.8407
3.00387
3.9483
2.83672
3.42107
3.1877
2.82333
3.03207
3.17635
2.81031
3.14473
2.5864
2.94216
2.91081
3.21434
2.95183
3.34136
2.55416
1.53218
3.14749
2.84581
3.04035
2.99014
3.07061
2.89356
3.05637
2.79651
2.2965
3.33554
3.54481
2.78308
3.02474
2.89083
3.08366
3.16161
2.97659
3.22165
2.59989
3.08226
3.17816
2.96049
2.75343
3.45968
3.4498
2.33602
2.0816
2.89293
3.08812
2.91752
2.8896
2.79689
8.54406
2.93784
3.16271
3.0265
2.95002
2.8296
2.48526
2.42983
2.237
3.40611
3.41069
3.36113
2.4386
3.07478
2.46856
2.74536
2.38986
2.34632
3.56414
3.00987
2.94116
2.05566
2.89825
2.83863
2.78234
2.85655
2.6208
2.85328
2.99523
2.94277
1.80281
1.49244
1.45264
1.47401
1.62908
3.02793
2.7845
2.82963
2.76515
1.48527
2.88982
3.32788
2.57645
2.60475
2.41832
2.88129
2.03934
2.00237
2.1598
2.90962
2.28786
2.25139
