10.2817
4.79099
5.54323
4.59716
7.55289
6.36025
6.8087
4.05101
4.23459
3.87017
5.86123
6.10093
7.60029
5.20574
5.80361
2.58282
4.25044
2.99709
6.21711
45.4094
8.75392
6.84045
10.8675
7.93518
7.65243
5.86963
6.99368
7.15325
7.89068
7.31065
7.5253
6.63143
49.7699
6.75366
7.53244
4.51959
5.93535
4.70638
5.91387
6.01606
5.98173
5.95292
5.20665
3.47878
4.68633
3.3559
3.35383
3.94624
6.35534
6.03887
5.39232
3.78494
4.09954
3.71494
4.10609
4.64021
3.02741
5.5022
5.28832
5.98339
3.24392
3.92322
6.69495
6.55567
6.99555
5.95755
5.49035
4.74789
4.41011
6.64732
6.36943
7.03001
6.18199
6.372
66.852
5.22677
5.87282
5.97204
6.27318
8.16895
5.54478
5.40528
3.64362
3.25509
4.40817
3.09595
3.09662
3.60561
2.7773
2.72604
3.72002
2.68376
2.48557
2.51083
2.97405
3.13548
3.33434
3.5691
9.25552
7.87806
6.49615
5.27103
27.3139
8.26661
7.09289
9.25344
6.75248
5.46963
5.07643
5.3929
6.04566
4.84797
4.91092
4.21533
3.25025
2.56821
2.63141
2.41561
3.23006
2.9114
2.89856
3.39213
3.44395
2.97
2.5461
3.29667
2.78628
3.51094
4.70617
5.64331
5.552
5.56538
4.92961
4.83609
3.91
2.24082
2.41671
59.8681
9.63301
7.47197
6.67226
4.96186
4.51569
4.15626
3.34963
2.14842
4.61443
5.28544
6.89845
5.47964
7.80983
6.91495
5.04674
4.46672
2.37742
8.47542
3.68778
4.61594
6.17288
6.42392
3.37022
2.61139
2.59759
3.5434
1.60724
2.78277
2.70404
2.92145
3.85186
2.78741
3.76933
3.1629
2.52447
2.77561
5.29803
5.68766
6.24748
3.41486
8.1523
4.83515
43.0716
8.23369
8.70117
6.87084
6.35783
8.3653
6.40175
4.20058
6.36159
7.4315
4.19618
4.35357
7.96673
6.63319
5.87765
7.32843
5.77416
4.39369
4.61967
4.41394
3.00662
4.3441
4.32683
5.17872
3.75896
3.79761
4.29167
4.29221
3.31942
2.42459
2.56123
45.5783
6.5903
5.04054
5.44046
3.38953
3.79556
5.2672
3.24772
4.25958
2.35703
4.03672
2.90046
3.68651
3.55439
2.9706
4.19657
3.49323
5.86362
5.22223
8.88879
6.70161
5.33105
8.93922
5.66243
5.09836
6.23871
7.21853
6.21111
4.8403
4.69034
2.69779
4.00777
5.95649
2.94797
2.52564
2.5045
2.9986
2.24692
3.29125
3.95874
3.75636
3.66142
6.81999
5.23527
3.5221
6.52893
7.78195
6.09461
5.2895
3.51557
3.39854
3.89862
3.14083
2.88875
3.36977
6.62697
4.92591
5.50606
8.01579
5.86944
7.62965
7.94253
6.33035
4.55637
3.78885
4.89558
7.10876
3.05708
3.27793
2.72775
2.95493
3.20729
3.4066
6.38014
4.71537
5.06295
65.0059
7.32657
5.21621
5.20379
8.2529
9.04922
6.25287
7.25998
4.59203
4.10459
3.93042
3.50802
4.25768
3.60786
7.48245
5.30306
7.33063
5.12785
9.12239
5.98127
6.24671
131.929
7.35364
5.56946
6.40666
5.83007
4.97924
4.38249
4.19042
6.2616
2.84352
4.87823
7.38009
7.39726
5.87105
5.19766
6.37317
4.14248
2.52849
3.30499
3.29933
3.01195
2.08363
3.77923
3.05645
3.24165
4.76452
4.52213
97.9917
5.44216
8.43814
3.25802
2.42841
3.61057
4.90326
3.0078
4.25086
4.44138
3.25961
2.98034
3.66789
4.06631
7.31931
6.41528
5.39756
3.83705
5.25709
6.3643
5.72513
5.17859
3.50468
3.22854
4.20207
4.16938
3.58958
2.48454
46.4581
8.6498
5.77579
6.33829
6.55331
6.10995
5.60861
4.40325
5.18651
3.20461
4.47384
3.94015
8.27479
6.44282
5.40185
7.87361
6.7211
332.482
5.21988
5.07976
4.94782
4.62209
3.65057
3.04946
2.77568
4.12057
5.38535
3.66828
4.21279
2.72553
4.34375
3.3699
3.53024
3.21134
2.58946
2.92729
3.09222
2.64574
82.5751
9.61215
8.22062
8.33105
5.29794
5.41739
4.22286
4.36339
3.34589
3.65357
2.84716
2.77251
7.5813
7.77467
5.75636
4.57204
5.65418
7.3093
6.00561
3336.2
6.19435
6.80736
5.25574
5.26704
5.30558
3.52167
3.69691
4.23355
6.15243
7.22018
4.0931
6.07587
4.38885
6.76184
8.4405
5.51145
6.28843
7.03732
7.43187
5.41647
5.61157
6.70447
5.43916
8.04727
7.03529
7.46222
5.78909
5.84917
4.4971
4.38426
4.84685
6.26904
6.60249
6.80486
8.02248
6.04342
4.88002
6.10007
4.06382
2.31735
3.99883
3.91645
3.55068
3.53026
3.32831
3.33927
3.23322
2.92898
3.01844
5.40782
5.99368
4.08439
5.18428
6.72938
3.62501
3.25748
4.91382
3.63628
3.57265
2.92312
2.58306
4.66003
2.90206
3.03871
3.80363
2.79165
2.87785
3.32278
2.74939
5.47888
3.67868
5.57891
6.56373
4.91864
5.04415
3.54978
4.46973
2.24472
3.57968
3.56459
3.15827
4.1316
5.72605
3.33886
2.83965
7.39119
41.0299
7.71276
6.94643
6.03088
6.69011
6.05188
3.81215
4.62447
3.42464
3.35075
4.61982
2.55755
2.82255
2.85585
6.57428
7.14433
4.10566
3.91416
3.66455
3.52435
2.95488
3.54374
2.87988
5.27733
3.53358
5.71453
5.74849
5.25016
5.65605
3.33505
3.95235
4.47488
9.2115
10.553
6.53531
5.2493
6.51779
7.2142
5.50672
7.01813
4.22174
7.54955
4.01718
3.57674
3.95847
3.47327
3.94243
4.08791
3.55016
3.69711
3.67131
5.46521
8.10379
4.68447
5.99127
6.93666
8.25903
6.51316
5.18143
4.97768
4.14139
3.75462
3.71167
3.5317
3.16764
2.70056
3.02662
3.33636
3.10261
3.27494
3.38628
2.90985
2.76489
2.40235
37.4635
8.84685
7.52308
7.02203
6.79541
5.71561
3.90453
6.08261
6.77487
6.3408
3.18578
3.47267
3.17155
2.65611
8.22683
11.0222
5.72829
7.2229
7.0305
6.58971
4.8727
59.1659
7.17019
7.68219
7.0584
5.73307
4.28316
4.47658
3.32867
3.48914
3.37848
2.51023
3.7058
3.31733
3.28305
2.8656
3.61345
2.83651
4.04267
6.08719
9.29136
4.36235
2.81282
3.64009
62.4376
8.16775
6.24603
6.67115
5.91119
4.92813
4.08349
4.84255
3.47035
3.68462
2.95141
2.71842
2.8085
2.7042
3.61863
2.63273
3.48003
2.35976
2.95478
2.406
2.78513
4.5743
3.07362
3.08893
3.13708
2.58423
2.46794
3.53486
4.90501
4.26461
2.91393
2.34754
3.53786
2.88688
3.33533
2.24996
3.04324
3.62187
2.65518
2.96116
3.0008
3.62799
3.06428
3.26513
4.06628
3.60236
2.97077
2.80371
2.30381
3.88641
2.54316
2.43733
4.87613
2.86523
4.28049
2.43939
2.76268
3.64543
4.16949
2.68525
5.36146
8.87096
6.97111
8.28406
2.74021
2.79369
6.14293
6.70252
3.87271
4.06287
32.9172
7.37297
4.97187
5.18906
4.40558
5.08158
3.55082
3.99719
4.40246
3.8877
4.08592
2.96642
3.60443
2.86689
2.65936
3.17124
3.66492
2.88484
4.0014
3.85989
4.73519
4.55142
4.63956
5.41766
5.18367
3.97523
4.07355
7.15679
5.53026
3.15431
2.96768
4.58946
3.40706
2.67598
3.9779
6.32193
5.58967
4.08554
4.78421
4.43431
4.15705
3.47048
3.43081
3.51583
2.8476
2.2008
2.79951
6.61078
3.61328
3.25517
3.42276
2.88732
2.69873
2.93481
2.98533
3.21762
2.51324
3.35286
3.56955
1.80402
6.182
8.37481
6.47128
7.03004
6.11708
5.36486
6.41738
6.66624
7.43007
5.02598
3.19454
4.10579
3.48083
2.74247
3.16698
3.72376
6.96348
6.26439
5.65991
4.59018
3.73163
3.73682
2.79418
2.31967
2.81615
3.19436
4.34134
2.6118
2.55337
2.55397
2.86363
2.80221
2.48321
2.64971
4.88631
2.76914
3.95271
6.06992
8.59798
7.64174
6.13325
6.50315
3.34845
3.8282
3.92626
2.6715
2.74948
4.26754
4.83485
2.66614
3.38221
2.92161
2.20985
3.20042
3.14112
2.28278
4.05706
6.69238
5.79703
3.07282
3.20198
2.44636
3.69371
5.76253
2.91786
32.5617
6.03847
5.01688
4.91378
4.26829
3.77755
3.03338
2.31142
3.39801
1.87791
3.04272
2.77922
3.09584
3.05804
3.42397
3.93504
3.25869
3.49224
3.06161
2.26676
2.82972
3.06592
4.26016
4.12916
3.45464
2.80163
3.00571
2.59408
2.81183
2.68054
3.2755
3.26693
2.79596
5.28427
5.20356
5.28581
4.07759
4.35485
3.92084
5.44491
4.46735
5.7848
4.19907
3.97953
5.54479
5.59356
5.73327
6.70862
7.586
2.16981
2.80028
3.2387
3.73978
3.07471
2.78701
2.70486
5.55678
6.6379
5.06068
3.72196
2.36622
3.66847
4.15608
5.72112
7.76147
6.56764
4.75534
5.10523
3.74079
3.94266
3.38758
4.19683
4.29597
5.81841
4.04903
49.4296
7.91887
5.90175
5.51021
10.2069
6.94616
4.56422
4.18171
2.77891
3.50167
3.9217
3.85757
4.41683
3.35069
2.7381
3.71527
3.65347
8.33942
5.5373
4.86683
6.02094
3.13229
3.96183
4.81981
3.49379
4.75392
3.46396
3.5134
2.57389
3.04565
2.06029
2.5722
3.10965
3.82272
2.26111
2.22178
3.56326
2.81088
2.09251
3.45992
2.24466
2.51629
3.63878
3.21572
2.72149
3.51278
3.20344
4.1641
2.87583
2.50979
40.5609
5.74484
8.08662
4.16339
5.64889
5.15957
8.5192
6.97033
6.07093
3.77325
3.64821
2.8767
3.05138
2.69592
4.19705
5.9647
4.94607
4.81632
6.45119
6.2605
6.98408
4.14254
4.58546
3.05181
281.01
7.48109
6.17382
6.64057
3.77491
3.9964
6.30794
8.89672
7.91537
7.11964
4.30288
6.75232
5.90501
4.38894
3.30014
3.2531
3.35668
5.33757
5.02673
50.3822
7.27043
6.41122
6.5454
3.63812
3.8505
4.36132
7.03939
6.05536
6.3713
4.5789
3.41253
2.81984
3.3029
3.2998
5.98774
7.43122
4.46555
3.86393
3.8971
3.8998
3.60676
5.31194
7.2914
5.73925
4.21396
4.73912
4.12092
5.33144
4.76649
3.92175
5.13692
5.04341
4.89898
5.40908
6.34671
4.82786
3.6696
4.52653
4.72046
4.04642
4.05796
2.42866
2.92684
3.79129
5.48447
5.72116
4.78792
4.68938
5.2961
5.34786
3.03707
34.2914
7.56332
5.82258
6.23422
5.9369
7.78142
6.49671
4.70185
3.56817
3.68257
3.14874
2.62327
2.90867
2.99066
3.47489
3.53745
2.23523
3.29359
3.78102
2.08703
1.94614
40.668
9.26737
4.89072
5.07576
3.02936
6.79434
6.81821
5.58348
3.33619
3.31227
4.88078
6.33558
3.92092
2.84412
4.00022
3.19569
4.94598
3.87309
3.00117
3.38587
3.00422
3.00844
4.52762
3.63582
2.7439
2.8116
3.45998
2.40346
3.49651
2.71755
2.97884
2.21403
2.60946
3.54216
3.50813
5.12197
4.15115
3.45559
2.77921
5.9484
4.99754
6.02959
3.57339
67.9934
2.79474
3.5588
3.51641
4.37822
4.81781
3.91572
3.43583
3.34918
2.43327
3.01689
4.41492
2.76051
3.99527
3.70291
4.50781
3.34773
3.77375
3.04722
3.2527
3.43008
3.92453
3.46348
4.05416
3.35041
3.22225
2.68638
3.90366
2.06916
3.12838
3.68745
6.1562
6.97329
6.16327
6.31494
4.08212
2.57157
3.24968
2.78806
2.85601
5.06468
5.77009
5.44465
3.83802
2.47901
3.31234
2.34963
3.01921
3.60305
2.60033
3.19908
6.44476
6.2242
4.37996
5.71965
6.94348
7.40641
49.5076
6.53427
6.76885
4.33942
4.17446
6.2955
5.43966
5.13754
4.361
3.25232
3.93566
3.84289
4.36025
3.47719
7.23505
6.33335
2272.69
3.89078
6.40735
5.38345
4.40821
5.34544
8.65415
6.93013
6.43583
3.76575
5.87554
7.75364
5.55807
5.02548
8.78877
5.96506
6.11684
4.18182
3.6325
3.64813
4.67879
2.98358
45.0597
5.99011
7.03067
7.26659
7.58894
6.2079
5.04094
2.85073
8.14437
7.80122
5.30682
7.79048
6.76355
5.83249
7.69108
7.49717
5.6098
7.93477
9.28682
9.06932
5.35001
63.0719
5.76768
6.79683
4.4594
4.54681
3.26174
5.42642
4.68583
5.17884
6.01443
6.07726
3.63105
5.95473
3.83826
3.89954
4.86219
10.2437
6.0455
5.46142
4.59941
4.07127
5.02638
5.38175
6.8562
4.61406
3.76385
3.91105
3.62786
2.22694
3.87399
2.88264
2.34758
3.27557
2.45769
3.1168
2.09409
2.68128
4.19808
3.20924
4.41819
3.31515
2.78789
3.62985
3.95123
3.8132
2.81995
2.4493
3.18132
3.20571
3.42109
3.04661
3.04367
3.93239
4.28657
5.25394
4.12287
3.87196
7.24152
6.98019
8.0748
6.62857
6.74181
6.38564
3.28491
3.29138
6.67709
5.12155
5.70846
3.76299
4.33969
6.32272
8.96186
8.28491
6.82874
6.09082
6.45563
7.18152
5.69238
6.12028
5.23169
4.16136
5.4256
4.82344
3.27226
2.09537
58.421
6.57071
6.30688
5.90841
5.01135
3.88016
4.2526
3.36209
4.83673
3.92122
2.81889
3.6535
3.15386
2.45714
3.70806
3.03714
3.579
2.95742
2.45128
3.5695
4.00417
5.1279
3.98732
2.71944
3.10072
4.30866
2.99446
2.9285
3.20084
3.499
4.90975
6.60523
6.78938
5.45688
3.43449
5.46673
5.17301
2.29508
4.87149
7.02218
5.33201
5.38961
8.55237
9.38229
4.35585
4.4181
89.4407
9.23531
8.62933
4.76068
4.61586
3.83857
3.2806
3.29993
4.03001
3.56068
6.36712
3.129
2.8872
3.30034
4.07047
4.05824
2.47639
3.17551
177.232
6.04932
5.73272
6.88604
13.601
6.66986
6.40918
5.23706
3.97577
2.82332
3.42217
3.58455
3.09369
3.65138
3.83345
3.22131
2.25099
8.64929
7.19879
4.3333
2.98581
3.48495
2.77206
4.39529
3.35023
2.84664
4.28643
3.12616
5.53548
6.76076
4.87544
5.488
5.84326
5.88859
7.96752
4.81144
3.94654
5.79091
5.99201
6.13903
6.19081
4.20863
2.88005
3.13847
3.51738
2.93338
2.83521
3.50616
2.78365
3.20127
3.42093
7.18028
6.50997
4.75253
48.2186
8.22024
6.14336
7.27578
4.79869
5.75923
3.78272
5.18292
6.51978
4.50607
4.6324
3.59586
2.86112
3.22452
5.65924
7.21282
229.478
6.60399
7.71317
8.28318
6.68833
4.97221
4.495
3.86628
3.71672
5.14477
6.42627
7.25831
6.38043
5.85245
6.97978
6.83779
8.88288
6.45075
4.30859
2.76121
4.3941
2.91676
3.25082
6.38371
6.12056
4.76904
3.74595
3.64279
4.31691
42.1095
7.34255
4.27206
3.72043
5.51189
4.96934
6.22712
7.40062
7.47002
5.45487
5.81569
7.32009
4.11712
4.50823
5.69687
8.40482
7.01347
7.72617
4.22247
4.73153
3.04138
3.54984
3.4645
3.80861
3.87153
5.32365
7.49474
9.25684
5.99446
2.85023
6.23306
4.3752
3.91812
6.02291
5.7227
7.09651
5.27994
4.76123
4.84307
5.23555
4.66497
6.74527
3.1136
84.966
9.63026
8.76129
8.24701
6.72364
5.85071
4.98866
9.25979
8.00077
6.45768
5.16895
2.23882
212.254
5.78428
7.05375
4.55659
8.93728
5.40815
6.84475
9.09337
8.32863
5.50627
5.11693
4.12098
3.11463
45.0839
9.09163
9.56156
7.47213
4.77272
6.81263
7.36382
5.84916
4.61269
5.18446
5.5592
3.907
3.54938
3.4209
1.83936
364.809
9.93211
8.30967
7.48152
8.06918
9.82073
7.2472
9.38798
4.61901
4.02878
3.81738
4.16814
5.42806
209.356
8.20861
6.40326
3.34528
4.24264
3.31608
4.23212
2.94726
3.23848
2.11213
3.59774
3.11278
4.62466
3.27233
3.13996
3.38175
3.51954
3.39209
4.76728
7.48516
4.8303
3.97915
70.2057
6.45417
5.84842
8.44391
8.38298
3.77196
3.81617
3.0348
3.57811
3.10295
3.66577
3.25291
3.58486
5.18185
4.78643
2.81077
3.96603
4.5396
3.00946
5.97781
5.05123
6.70497
6.75101
4.96619
120.888
7.99821
6.97889
5.62188
9.25577
4.79807
3.67201
3.97961
4.78869
5.03924
3.41509
5.28602
4.26867
3.01659
2.9845
7.25049
4.66507
78.5702
6.68154
8.99624
8.19156
5.15241
4.21445
4.62086
2.79508
6.51586
6.38806
3.69862
9.46358
7.07091
2.47729
3.14777
3.58708
3.5623
3.35333
2.58773
3.75266
5.56452
3.79113
4.11474
3.89743
3.61132
2.65301
153.244
7.72157
8.3485
6.05623
5.35757
4.14902
5.48333
3.50406
3.02389
2.50838
4.16461
3.88181
3.97969
3.17817
4.55074
3.47296
3.19223
2.9162
2.70619
2.63806
6.44662
8.1162
6.10118
4.90461
8.00744
4.56916
3.34394
3.15228
7.69287
7.86663
8.51495
77.4568
6.46032
9.52383
7.84393
7.44449
6.44185
5.36813
4.44076
5.51757
8.00054
14.6116
6.06859
4.9217
3.58993
2.65565
3.27288
4.70446
2.41023
3.22548
5.44717
6.72033
4.43734
7.35903
5.74419
7.37686
6.3984
4.11388
6.32958
3.51902
4.51136
5.06069
6.4259
6.09896
3.61671
4.16099
4.56323
5.30429
2.9102
56.0365
6.96357
8.46322
8.50413
6.12601
5.26241
4.27057
3.99469
6.6904
6.02756
8.38243
5.98943
5.88323
4.32784
4.2103
3.66792
2.75598
2.2186
162.933
8.09623
5.8545
5.80542
5.62722
4.25437
4.28934
4.19903
3.83033
3.2412
2.76198
2.2305
2.63213
2.04603
2.93626
2.30352
2.41477
2.64663
3.51832
2.43344
2.52203
2.752
5.93748
4.08915
4.39836
89.5379
6.4198
7.2697
5.57528
4.85672
6.15488
4.30055
5.36847
4.98965
4.12877
3.01414
3.85332
2.1776
5.11222
3.8286
4.28183
2.84793
3.35974
3.54016
2.75897
3.50639
147.757
7.91837
7.25472
7.0709
3.72287
3.75622
3.99553
2.78329
3.46441
3.72894
3.03053
2.51339
3.93811
3.2907
4.07893
2.94063
3.15981
2.91442
2.74878
4.05884
3.08824
4.14133
4.35457
6.03223
3.44546
70.2462
7.11339
6.95805
4.99029
4.86945
3.91865
3.2971
3.14936
2.7803
2.6281
2.84034
2.96629
4.59045
5.19955
4.03135
3.61459
3.41331
3.7125
3.24869
3.56946
3.49403
2.87218
3.25732
3.13838
2.68933
3.6153
3.246
3.41769
3.47098
3.64235
8.48677
5.55845
3.69381
2.23975
39.8619
7.12584
7.47532
8.7214
5.99696
5.64616
5.39971
7.35906
6.93079
7.41411
4.46049
3.22805
2.87659
2.80958
2.56344
216.981
7.5045
9.86538
6.87441
5.89476
4.36587
6.15966
8.51458
7.51381
7.33585
4.48125
6.5605
6.79262
2491.94
6.41507
4.56668
3.45253
6.50565
6.63399
6.45875
5.48208
4.83908
6.04439
8.2258
7.61093
7.29219
3.02024
5.47336
5.80968
3.43491
3.72236
5.0876
2.07592
3.38257
1.96831
3.3289
2.81616
2.85783
6.32707
6.3288
4.41061
5.78135
4.02751
3.61844
3.02136
2.89767
3.84197
1.94506
3.13372
2.69087
3.18908
3.47829
2.35634
2.73795
1.99297
1.84318
2.58953
59.845
5.06904
6.62853
5.27673
3.25279
3.95878
3.92001
2.36544
4.71201
6.689
2.29924
4.97738
4.88409
5.22147
3.19664
3.34613
3.86659
2.42406
2.0461
2.22634
2.4857
2.85953
3.1945
2.12064
1.96728
1.46405
48.1609
5.66574
5.58735
4.97183
4.61875
2.40725
2.70589
2.48153
3.02098
2.01653
2.65333
5.04162
3.77767
3.40291
3.11311
3.25048
3.1117
3.04567
1.79088
2.13798
1.94461
1.8648
1.9947
1.98824
1.92281
2.11126
1.76064
2.22083
1.98647
4.22768
3.91181
2.19243
2.12812
2.30819
2.26006
1.85384
1.4871
1.53278
1.61546
1.55697
1.60546
1.54034
1.42653
1.35804
2.56057
3.41242
3.05052
2.43522
2.31408
3.46851
3.2202
3.27609
3.28518
1.77777
1.39112
1.39231
1.38971
