8.56082
6.32691
6.42026
4.8786
5.38237
7.50153
4.67362
5.11645
6.37894
6.17021
6.02727
4.32486
2.90295
2.73026
2.77641
3.00112
2.41318
1.92946
4.83672
6.12035
3.27232
43.8714
6.68922
6.3801
6.76152
5.6158
7.0794
7.0425
5.41921
5.51114
4.43084
3.48709
3.77828
3.5741
3.30613
2.4752
3.33821
2.95073
2.96053
3.00719
3.39883
4.71422
2.20078
2.3705
49.019
7.66576
8.2651
5.64883
5.3703
4.16742
5.14173
3.03755
4.14255
7.23471
7.09166
9.77072
8.75118
6.74007
7.66133
7.72164
6.44838
3.53815
2.73802
2.96818
2.3603
3.07329
4.95537
5.99529
6.94492
6.07994
4.61851
3.43647
3.55923
3.02758
4.70476
4.08515
3.2754
3.22067
3.35203
3.48549
3.92778
3.90722
5.69094
5.98019
6.77513
8.16397
4.65401
67.0007
7.78409
7.41284
6.7517
8.5484
6.50461
4.01223
5.19093
5.77786
6.59829
5.27064
5.20864
3.45683
3.06071
3.74121
2.88176
2.67613
3.33138
3.45565
3.82164
3.05577
3.58143
3.57141
3.48648
4.29715
2.69222
2.35389
2.32726
25.9634
4.00586
6.57904
6.0734
5.6012
7.79787
7.70702
9.06847
8.58835
8.26427
8.34417
2.79768
4.10056
4.14436
4.66472
3.0343
3.60576
2.84882
4.45972
3.23791
4.83378
4.8561
4.4057
5.02481
4.9244
4.89854
6.95675
3.84651
58.921
6.57116
9.12276
8.02817
6.52646
7.64227
5.48858
3.49509
3.20005
3.77477
2.38799
2.85967
3.13415
8.22209
6.64408
6.50343
3.48396
5.78688
11.2003
5.90618
6.72198
5.4993
6.60855
4.32903
3.63256
3.78434
3.51002
2.84936
3.28405
2.84558
3.01651
2.83255
3.11325
2.70706
4.69764
2.54315
3.70313
3.53769
4.11924
2.70004
3.4744
4.38887
3.00059
2.85925
39.2139
5.92937
8.34024
7.63183
6.39232
7.75295
5.08099
5.27098
3.00142
4.5134
2.86932
3.46502
3.85259
3.33413
3.15722
3.71947
2.8407
3.4144
2.88202
3.15087
4.61321
3.07313
3.15061
5.48051
4.95574
3.8662
4.89583
5.95449
6.12644
4.34078
4.84269
3.93565
4.92987
5.11413
4.96918
4.00809
2.77279
44.5441
6.55176
6.17988
5.33337
4.08708
3.65683
4.0934
5.39796
7.62673
6.66801
6.64205
5.90058
5.48387
3.98539
2.88802
2.94268
3.1197
2.63678
4.11565
3.35741
2.89905
3.20026
3.70728
2.96259
2.90796
3.61859
2.7321
3.37634
3.44881
4.01801
3.62749
3.91554
2.9702
2.79782
3.6035
2.62518
3.66409
4.33059
3.71664
3.38679
3.33399
3.20308
3.45658
2.84584
3.35762
2.53701
2.83749
2.51445
3.84056
3.81665
2.67745
2.48737
2.58191
3.82254
3.39827
3.23491
3.81547
3.25732
2.96295
3.23428
3.44398
2.88482
3.94215
4.03118
3.10995
4.18068
3.55425
3.01158
4.80297
3.1364
3.53554
2.9925
4.23555
3.1288
3.19395
2.7813
4.15663
3.95617
3.17067
4.33299
2.99599
3.13249
3.1269
2.71322
3.05683
3.08337
4.36065
4.326
2.66062
3.39845
3.67265
2.56444
3.01699
3.39421
4.10559
7.31635
6.41547
65.0644
6.80075
5.86013
5.11801
5.57173
6.214
8.96442
5.15238
8.51837
6.94474
7.86251
4.70149
4.86154
3.13686
6.34817
8.13323
3.77238
3.16192
2.86398
4.02005
3.87986
4.2259
2.31619
2.79234
130.469
10.0155
9.50553
8.11595
5.99516
3.80072
6.50394
4.74766
8.12202
6.08175
3.8111
5.36716
7.68045
5.34962
5.18713
7.4094
6.53466
8.29368
7.78661
98.2837
7.75422
5.66292
5.23212
3.97097
5.06091
3.74834
3.1218
4.96132
4.55452
4.63429
4.74266
3.10306
4.1835
2.80387
2.9032
2.74821
2.90408
3.38378
3.96391
2.63409
4.97512
8.57512
5.63393
5.31119
8.71188
5.96333
48.262
7.56686
6.23796
5.50621
5.64847
4.31178
2.95955
4.52051
2.52092
5.06661
8.15353
3.55463
6.13297
5.2687
3.94151
4.38157
3.45074
3.43072
2.20684
4.27254
4.00249
333.527
7.63389
8.46004
8.54551
4.84817
3.3932
3.79006
2.95462
2.69562
3.66476
3.13923
5.55814
7.3558
7.3254
4.88291
82.1056
6.89804
7.62801
8.86113
6.1073
6.87741
7.92895
7.42582
4.6914
5.111
6.57739
5.29516
7.03431
6.32645
6.89179
6.22938
3338.06
6.43319
7.7237
6.6615
6.09846
6.22193
5.46814
4.04992
6.93974
5.71445
7.51357
6.15302
5.5445
4.43041
3.95808
3.98896
3.15457
3.53286
3.48332
2.78019
2.27057
3.37234
2.60242
4.57186
7.06041
7.83219
6.15004
3.73415
4.87535
7.43132
4.42863
2.67409
3.85544
3.26811
3.72212
3.24014
3.11414
3.36095
3.68795
4.7683
4.32109
3.07957
3.02516
2.62448
3.29773
2.77552
3.92613
5.6566
4.79876
5.8744
6.66309
7.95946
3.29145
3.68052
3.53943
3.71606
2.62271
3.8688
3.61235
3.47751
2.95398
2.83956
4.15505
5.64659
3.0224
2.88171
3.11939
2.70817
2.65668
3.55168
2.13516
5.37521
3.59673
2.88854
2.69201
5.59257
3.65889
7.87888
8.30273
6.45517
7.07959
6.55933
8.92354
6.83761
8.24843
8.03223
8.45741
6.38288
3.65349
3.23918
39.4399
7.1148
7.16017
5.54817
6.66732
7.28849
9.40674
8.83504
6.77553
7.60044
3.38913
2.73312
2.49095
3.48252
3.41481
3.92754
3.46561
2.18619
3.0973
3.46118
3.48304
5.87513
4.31771
4.69689
6.80882
7.7708
7.41586
8.00618
5.33641
6.76326
5.2492
7.33707
6.61782
4.07179
4.25995
5.53242
4.97949
3.92007
5.19936
4.09239
5.79989
8.38588
5.99113
3.42219
4.4637
3.73106
2.92957
2.16743
3.0233
4.9149
6.5762
5.76497
4.60216
4.71534
5.72791
5.01782
4.05107
2.78587
3.34687
3.84967
2.48286
2.29576
7.07491
7.44726
4.21848
5.02799
9.8946
6.33382
4.96095
39.757
6.19429
6.58869
5.0461
5.2325
5.06904
3.39134
3.70511
2.40009
3.07192
3.38222
7.8017
7.35647
6.50296
4.45127
4.64678
4.01859
3.64317
5.12515
10.984
5.31865
6.04814
5.90553
4.18439
59.3629
7.2334
7.63115
7.41684
6.58509
6.29686
5.65743
6.83799
4.71021
3.60878
5.23182
4.37949
3.7689
3.45203
2.8572
5.99017
7.52635
3.74714
5.34771
63.1248
6.76452
7.14765
6.60107
6.77349
7.09954
4.89664
5.4852
4.81192
4.17622
4.46691
2.86117
3.96726
3.63466
3.52453
3.10756
2.73035
3.28288
2.34722
3.31147
4.17984
7.41968
6.94231
4.21455
4.15235
4.52768
3.77809
4.44787
3.28092
5.20624
6.26385
6.62758
7.2869
6.70154
5.79365
6.0272
5.94806
7.50849
6.52726
3.67835
3.32025
3.38508
3.29659
3.32816
3.17542
3.54457
2.77682
2.59833
2.19063
3.9397
3.31329
2.70686
4.2043
6.47162
7.13515
5.41792
33.0097
7.45495
6.24
5.19415
4.31283
6.48243
7.37892
7.50883
6.15602
2.6852
7.51725
7.56987
5.8804
5.72927
3.87419
4.60181
5.02237
5.89931
7.70064
6.14876
6.06411
7.88892
6.08585
5.89925
4.74472
4.68281
3.32149
4.25629
4.80255
7.46904
7.07879
7.34969
4.51725
5.20151
8.07613
6.18887
6.91727
8.17295
6.05663
4.96276
3.58703
7.23511
7.78752
4.84117
5.55628
4.48896
6.46062
7.28513
5.14653
5.53576
4.69814
3.97719
5.32988
4.94893
4.11015
4.03191
4.25512
3.36456
3.14869
3.40971
3.4866
2.23566
3.31536
3.51138
2.50238
2.42875
3.76897
3.71497
6.01063
3.96968
6.20273
4.75779
4.38975
4.06347
3.45438
5.52646
5.14107
4.14228
2.97307
2.97159
3.95269
3.52837
2.7394
3.58975
4.07257
3.16029
2.49337
3.81914
3.55725
3.07939
3.31928
3.15415
3.13623
2.78178
2.93749
3.85171
2.6302
2.81739
2.36589
2.98055
3.33217
2.84623
2.85122
3.12955
2.23799
2.53098
2.82702
2.48897
2.5816
3.03071
2.03628
3.18118
3.42014
2.26491
28.3729
5.16299
5.81071
5.8307
4.74804
3.22596
3.45726
3.92207
3.65468
4.53951
5.09946
6.79558
4.49231
4.26661
4.46343
2.91487
4.82277
2.93207
2.56774
3.12525
2.88702
2.48572
3.36276
3.5769
6.83723
6.89629
3.9569
6.80161
6.02907
4.72694
7.02536
7.45746
3.31513
3.91082
3.26811
2.4266
2.98515
2.44056
4.37944
5.52667
5.23783
7.15013
5.22772
5.03412
4.38029
4.29496
4.16323
4.20414
3.47778
3.46853
3.51527
4.52444
3.14917
3.02035
3.44925
2.59203
2.88946
3.53184
4.89838
3.07156
3.03907
2.98126
2.93485
2.86969
3.97146
3.31801
3.32303
3.60655
3.69706
2.84648
3.15934
3.01401
3.27799
2.94155
4.58685
3.30246
2.81488
51.1856
7.21042
5.03266
3.68912
3.71024
4.30563
4.06075
2.41211
3.08597
2.83978
3.38319
3.96867
3.28491
4.20197
3.85233
3.5893
2.99647
2.81959
3.23173
3.38193
3.28783
3.42333
4.00484
3.41431
2.78401
2.60127
2.73843
2.37793
2.9412
3.99511
3.04648
3.50771
3.73521
3.58755
3.49173
3.39564
3.58524
3.90438
3.48446
3.17769
3.10957
4.52062
2.48222
3.4773
2.23534
4.37538
4.63051
3.27744
3.31633
3.37412
3.43105
3.66444
4.54267
3.30892
3.18575
41.1968
5.73877
7.5557
5.46587
4.70991
4.37364
3.10785
3.94624
3.3097
3.51156
3.75513
3.13692
3.05201
2.94895
3.43414
3.62753
3.37359
3.66383
2.45419
3.44183
2.7393
2.51214
4.66279
2.96054
2.47831
3.63532
2.63506
2.43656
3.74773
3.13084
2.28336
4.10787
2.45591
277.42
8.30685
8.24562
5.85764
5.32278
4.73253
4.10758
3.70527
4.07435
3.77405
3.65584
3.20045
3.70626
3.14733
2.79645
2.67483
3.0599
2.91431
3.21443
2.24716
3.51241
3.57197
3.95197
3.51603
3.91765
3.52592
2.84789
45.077
7.32836
8.41897
4.82069
5.94493
4.07739
3.24787
3.70538
4.48583
3.21293
3.73415
3.52676
2.08925
3.30997
3.23234
3.07062
3.76376
3.47611
2.8801
3.36673
3.6495
3.06373
3.61166
3.15704
2.89123
4.54055
3.41814
3.00149
3.08962
3.47777
3.92231
2.61721
2.53963
2.55906
3.92273
2.90795
3.02298
4.3872
2.94805
2.73832
3.05441
3.00207
2.35302
2.59313
3.59243
2.26137
3.08061
2.21161
2.7849
6.53812
4.59361
3.28639
3.04284
3.20806
3.65833
2.73006
3.48991
3.85817
3.6696
3.21509
2.44859
3.20306
2.9112
3.34376
7.27726
7.60115
7.93302
4.84508
3.82057
35.8132
6.18569
6.92651
6.24223
5.10766
8.18955
7.50578
5.5428
4.83435
4.51925
3.42987
3.2623
3.3406
2.76338
2.33947
3.21347
2.81496
2.69983
1.8848
44.3468
7.66805
6.59042
6.10446
5.6136
5.18037
6.72298
3.86933
3.46946
2.10858
3.97342
5.04817
4.24955
3.50127
3.25076
1.88685
4.15969
5.75695
7.25798
8.47815
6.81547
6.83687
8.28266
8.69963
7.67808
5.99309
7.26556
9.72636
5.47044
3.62188
2.54811
68.973
2.34587
2.22064
8.11732
5.49838
5.64193
5.57511
3.40087
4.52956
3.15319
3.07322
2.22663
2.83206
3.0809
5.11088
3.10966
3.60744
3.20728
4.15019
4.56531
3.87642
3.83113
3.64342
4.98885
3.14439
2.35088
2.76916
5.44189
7.27599
7.96921
4.9667
3.64058
4.22918
4.28432
3.43378
3.48644
2.25887
2.54167
8.05528
7.19689
6.25173
4.84624
4.52799
5.42659
4.04008
3.56751
4.29612
2.68741
4.46521
3.37045
5.38306
6.96754
4.29662
49.6131
6.96601
8.50194
7.32875
7.49586
4.39287
4.53669
3.53551
3.65707
4.2617
3.99851
3.36648
5.26662
4.00915
4.13874
2.68047
2272.18
4.33643
4.95471
5.16685
4.97943
5.12179
4.59035
5.57356
2.89116
3.82939
3.19448
3.72954
3.17179
3.95344
2.82987
3.46221
2.49391
3.29077
4.43958
5.0737
3.59154
3.69965
6.37898
8.17457
5.04608
4.19686
4.60591
2.39929
44.8901
8.43036
6.97774
6.54911
5.7007
4.27307
3.76546
3.369
2.85171
3.22428
2.88388
3.74248
2.27659
3.87817
2.79663
3.19129
2.40086
4.43872
4.62687
7.81684
6.76082
7.50729
5.1957
3.97705
4.30175
5.82902
8.03468
8.84312
61.5296
7.36757
6.5255
6.8301
7.19084
7.49321
5.65667
3.61394
2.74231
4.50784
3.54169
2.72993
5.2801
7.85186
7.38019
9.44435
8.51825
8.23292
6.48698
5.52951
4.77277
3.52633
3.77456
2.89866
3.84473
2.51246
2.91576
4.13926
3.11575
3.69248
4.06865
6.15858
5.72728
7.301
7.32435
5.06414
4.06952
3.32565
5.48863
5.13861
3.60144
5.24618
5.79964
4.4004
2.63831
2.68619
5.56148
3.99135
5.64817
5.25737
8.31147
7.60499
7.50794
6.64546
7.46727
4.6102
8.5076
7.11943
9.40668
5.71411
4.61259
3.81596
5.39758
6.99572
7.75033
6.30299
4.22987
4.19945
3.33198
2.61565
3.22505
2.51482
3.60307
3.32158
2.9794
4.94192
2.40799
4.32591
60.6433
8.70607
4.26884
4.82017
4.66384
4.7201
2.70324
3.36016
5.47935
3.9242
5.12017
7.25203
6.22038
5.74197
5.68507
3.71916
3.54046
4.47234
7.05605
7.26524
7.75513
2.76227
3.13884
5.12253
3.45902
4.0526
3.18848
2.48181
2.81866
7.08282
5.07554
4.90468
6.45628
4.05986
6.93093
8.28218
6.06248
5.02821
5.27107
5.72246
86.0327
6.67006
8.9726
6.49255
7.92042
7.22937
5.62818
5.73704
4.03076
3.88527
3.1845
4.26164
3.14231
3.6881
2.69554
2.94452
172.443
5.2256
6.93005
7.3941
6.08453
12.3415
5.96836
6.69093
5.82837
4.27723
3.90485
5.16678
3.0555
3.12938
2.61525
4.07021
2.74409
3.01564
3.99156
7.92836
6.92584
3.25766
2.35464
3.11372
3.17356
3.49851
6.58983
7.02273
6.25676
4.79603
2.95123
5.4615
4.91109
3.87621
3.71834
3.48351
3.51173
5.91506
2.86964
3.72423
3.90051
3.04034
3.432
3.8641
2.8735
2.47288
3.21696
2.89704
2.78075
4.65749
4.75724
3.5252
5.6707
9.21921
4.04329
4.9618
3.14407
2.72959
47.2289
8.62502
7.62489
8.92741
9.42277
3.2712
4.57545
5.07759
4.94792
7.52566
6.17306
8.17726
7.32181
4.56584
229.825
6.47196
5.83982
7.22204
6.57956
6.69338
7.95356
8.06957
6.36797
7.1235
5.70202
6.37834
7.27781
5.24449
4.53561
3.13494
3.70695
5.16581
2.64582
2.60256
3.57562
2.83296
3.71359
3.11032
2.76605
3.62112
3.19908
5.56817
3.96855
4.41979
4.01197
43.8417
7.09062
5.81068
4.70311
6.06427
6.39418
3.15216
3.24907
3.03574
2.21089
2.51345
2.89448
3.05532
3.73131
2.57253
2.42003
2.5991
5.82078
6.96165
5.83541
3.8073
5.5833
3.60121
3.07378
4.3715
7.32154
5.39809
7.5237
6.63564
5.46996
5.7302
5.16298
5.79453
3.82822
8.13856
8.03644
4.7034
6.23638
5.15351
4.23863
4.26344
4.28185
3.43976
2.69059
3.6755
4.11248
3.27558
3.79349
2.21877
2.76553
81.6708
7.0311
6.10848
7.45113
6.95092
4.96303
8.56058
4.91856
4.47702
6.57421
5.42645
3.12463
3.16962
4.5078
2.81101
2.64708
212.355
7.89111
7.97463
6.77753
4.42837
4.52057
3.17073
3.33633
4.06043
2.84902
3.1402
3.26028
4.74677
3.49423
7.27554
4.01103
3.51369
43.2485
7.21049
7.61116
6.58775
9.33075
8.28464
6.65219
5.11902
4.20092
5.78795
6.3039
6.35528
5.42215
3.89501
364.084
7.5242
8.41948
6.43213
8.15802
5.35121
4.52692
3.2834
4.92685
4.50094
3.01989
4.90457
8.33314
6.32862
5.52815
205.488
7.5202
6.49846
4.78358
4.80571
3.81058
3.70813
2.54067
3.41244
2.2207
4.81733
4.4362
3.14588
2.70045
3.10252
3.52362
2.98651
4.74895
3.29786
3.56376
4.42577
3.22396
3.51252
3.39712
68.696
5.22849
5.04282
6.15046
7.53161
6.10282
6.57521
6.8271
7.34669
6.99959
3.91297
4.41829
3.31864
3.34313
3.15087
3.38052
2.37048
3.48581
4.02522
2.98491
2.96343
2.56446
2.70738
2.95404
3.36196
3.12473
2.72639
117.509
10.0618
7.66733
7.99671
6.41365
5.35795
4.23371
4.45757
3.20808
2.42327
3.04282
3.53658
3.15286
2.28442
2.60719
3.57225
2.94985
2.82324
4.78284
3.14417
3.54614
79.0867
7.81233
7.43708
6.85715
4.86552
4.58789
3.94867
3.18204
3.1868
3.45573
4.32406
4.49044
3.45388
4.10198
3.00371
2.50755
2.8281
2.75654
3.64337
3.40977
3.96247
4.27571
4.58937
4.06443
3.34334
3.44008
4.81111
4.13683
4.39996
3.62423
156.656
7.68172
6.57443
5.71081
4.15272
4.2413
3.4989
3.22275
3.87933
3.76036
3.74711
3.68326
2.82885
4.45135
3.17832
3.24495
3.12951
3.17973
2.14889
3.51295
2.07373
3.60676
3.6366
3.63649
3.96126
2.99589
2.98018
3.9974
2.9294
2.60035
2.77634
3.05504
2.56069
3.07999
2.99348
3.98861
3.36795
3.78963
3.37054
3.24282
2.67386
3.17244
79.8119
8.43334
7.01583
5.15934
4.70752
3.47256
3.30507
3.73158
3.40659
3.90347
2.89336
3.01277
3.03533
3.16973
2.96196
3.58913
10.8617
4.78945
5.05638
4.7863
4.5035
3.95425
3.61518
3.18195
2.8038
3.68669
3.55779
2.97323
4.17203
4.51732
3.91673
5.05296
3.06417
3.29937
3.33224
4.0589
2.68933
3.57803
2.96453
3.51982
2.93443
2.72582
2.8803
3.44676
3.10006
2.58494
3.07626
3.38411
2.86307
3.60826
3.87237
2.87507
2.93124
2.74683
53.8319
6.50186
7.82022
6.64748
4.45001
4.89529
3.98043
4.50907
3.85145
3.35225
3.05789
3.7709
3.07086
3.77026
2.39443
3.22659
2.61321
2.72978
3.47052
2.96619
2.82321
3.56959
4.62181
3.53611
2.58627
1.80798
162.937
5.25847
4.23885
5.20965
3.52106
4.64702
3.24306
3.36874
2.90977
3.43649
2.53167
2.62977
2.48218
2.85668
3.57627
2.54684
2.60084
2.69462
3.33948
3.78723
4.04796
3.2605
3.28407
2.97672
4.36372
3.95854
2.25541
2.76369
89.2374
7.01031
6.99454
5.13909
5.60754
3.49384
3.07897
3.92638
2.78929
2.42388
4.14347
3.03958
2.87108
3.0794
3.35658
3.60722
3.02603
2.47393
2.46782
3.72125
3.45905
3.75252
4.18811
2.05416
2.14805
149.949
5.9658
5.3316
6.35509
4.01518
4.33993
3.221
2.88264
3.39603
3.19041
2.94857
3.47354
2.6592
3.09454
3.49838
3.77921
2.57975
3.82039
3.6248
2.81793
3.44185
3.17565
2.79053
2.64954
2.82213
4.20693
2.25945
68.1507
6.40634
6.6105
7.53496
3.63201
3.17664
3.37516
3.30682
2.56247
3.63927
4.2567
2.6444
3.77439
3.05324
3.58039
3.70209
3.38196
2.54423
3.41769
3.29617
3.81716
4.48194
3.49164
2.88003
3.73654
4.32997
3.76017
3.73332
3.37992
4.90607
3.41741
3.22525
4.70796
2.90162
4.31278
2.67412
38.8857
7.44172
7.04407
5.61308
5.37638
5.90406
4.15608
5.30319
3.74913
4.75504
2.96526
2.96179
4.05522
4.02253
3.27326
3.05282
4.16166
2.88901
3.18062
219.054
9.44101
6.88415
6.12718
3.37814
3.92713
3.75289
2.99204
2.57479
4.35355
2.72364
3.88
4.11287
2.78101
3.64127
2.70195
4.30309
3.3179
3.24766
2.98363
2.67068
2488.87
5.20179
5.76771
4.91357
3.44599
4.45269
3.44787
3.31946
2.90942
3.29003
2.88407
3.12297
3.02144
3.10927
4.41112
4.4208
4.73329
2.64537
3.69726
2.69139
