8.37079
6.0041
5.09053
6.57033
6.64546
5.54558
5.22902
4.22771
5.56202
5.21622
4.44345
4.50706
4.67527
3.92691
2.70934
3.24531
3.03131
4.39654
5.04533
6.08104
44.1675
7.06644
5.43921
6.05611
3.54151
3.98076
3.84189
3.01851
2.61553
3.50332
2.91045
3.3922
5.09241
5.68741
4.39705
4.04576
4.64329
7.05461
5.63639
4.30664
4.50422
3.70298
3.69056
48.8612
7.50188
6.35771
6.36409
5.48456
7.95252
5.77706
7.18104
5.826
5.17423
4.49536
3.23421
4.56602
3.6749
3.59825
2.48808
3.52273
3.33325
3.4871
2.82394
2.73801
4.24241
6.34418
5.14114
5.67296
5.77242
3.05868
2.5952
3.82143
7.43896
6.25586
3.50855
5.98074
6.58846
7.2378
7.83544
5.36786
5.39033
7.80262
6.64036
7.23105
6.22408
3.40138
68.3745
7.49667
8.60119
4.86721
5.34613
7.68174
7.973
6.27305
7.93045
7.3789
6.91542
7.87631
7.07562
6.82905
6.49403
7.51046
7.69555
5.92237
27.112
7.09224
6.35612
4.9573
7.59769
4.56764
3.42324
4.55
5.2233
4.17227
8.68125
7.43829
4.89346
4.96389
3.74579
5.26418
6.00712
8.36203
6.01588
4.85207
5.53543
4.21809
3.42655
4.2795
4.50881
8.67767
5.68676
58.8803
6.04179
5.6361
5.14575
4.84392
3.65744
3.61225
3.18634
2.8701
2.60749
2.75313
3.96896
2.50039
2.05713
4.47893
2.80291
2.87907
3.01069
2.81517
2.86551
3.40663
2.67699
3.56497
2.8432
2.80596
3.66443
2.67896
2.68545
2.62026
8.28099
4.43493
7.6002
3.46563
5.64901
7.64872
6.63862
4.99783
3.57673
3.6417
3.32323
2.56602
3.60066
4.20013
3.08288
2.42889
3.48854
3.73826
3.07961
3.43754
3.6008
4.24975
3.14469
1.96444
2.81784
40.089
5.55483
7.09576
4.3083
4.89144
5.34783
3.93073
2.96699
2.41343
4.40724
3.20367
4.28579
4.33
3.65444
2.72691
2.58929
3.49001
8.21821
10.8673
3.02049
4.73444
5.60547
7.59059
4.63858
6.09965
4.66857
3.52636
3.4124
4.40318
3.23749
3.50396
2.58233
2.39046
2.75415
2.43383
3.10801
3.29715
2.77053
2.96412
45.8293
8.17019
9.14405
8.4691
4.47288
6.23849
4.97435
4.72332
5.36846
6.18931
4.5291
4.45733
9.23036
6.7158
5.88313
4.43343
5.3404
5.07052
4.19945
4.23961
3.78606
2.97885
3.01115
3.46838
3.21849
2.78734
3.45371
2.44966
2.94542
2.65108
3.16849
2.36344
3.16906
3.40292
3.01518
2.88817
3.11152
3.8954
3.16248
2.80616
3.71062
3.87521
3.19159
3.14453
2.46952
2.53572
2.72938
3.82688
2.7123
2.79189
4.15943
2.73836
3.39308
3.22318
2.66154
3.12246
3.27439
2.83686
3.39122
3.0066
3.55785
3.24292
4.35075
2.12211
2.31157
3.00992
2.9673
3.69604
2.88446
2.49596
2.96222
3.68054
2.3549
2.61068
2.1071
3.40246
3.36335
3.05725
3.37473
3.3814
3.74702
2.10601
3.89492
3.41428
4.11404
3.08879
5.11734
7.35813
4.44037
4.44109
4.40082
4.60974
6.23
63.1868
8.24197
8.60382
6.43963
5.88419
7.44063
6.40841
7.00666
5.03327
3.61327
4.72748
7.53307
7.35348
3.48999
2.47842
4.84898
2.81514
3.53682
6.10906
5.87796
3.49243
4.90009
3.90096
2.59373
127.951
6.00531
7.59665
6.99858
8.16527
7.20893
4.84309
6.20731
4.85953
4.42455
4.31768
3.68769
3.3099
3.99186
2.32809
4.62709
3.72938
3.18748
3.37174
2.68038
5.96449
5.69669
4.14291
4.17939
3.85212
3.40071
4.05285
4.46136
98.1371
7.91255
5.05824
3.08702
5.00029
4.81872
7.57976
4.15188
4.66548
7.46899
6.11945
6.72585
5.2905
5.96134
8.14086
7.19903
6.16439
5.62636
6.91803
7.77181
45.7412
7.69912
7.05257
4.84659
6.38225
4.39898
6.64017
5.37384
5.67783
4.86744
2.80269
2.11557
5.08586
6.1952
4.74439
8.50755
5.16474
3.96492
2.78599
2.04689
2.45783
330.318
7.23394
4.59997
9.61497
6.90486
6.13264
7.60197
9.08302
2.87624
3.83513
4.06276
3.6265
2.97334
3.05556
4.04004
84.7716
6.94347
6.67744
7.44896
9.4623
8.07697
4.64333
5.12448
3.4102
4.20513
3.74109
3.38308
2.70586
3.33636
4.83655
2.88999
3.36693
5.31267
4.3014
6.01863
3.78959
2.24994
3336.16
5.34551
8.07174
7.9179
8.50901
5.70245
9.58091
9.27892
7.81958
6.16057
5.67527
4.45621
2.84151
6.77888
7.55315
4.93372
5.93316
5.90245
6.04564
6.28088
4.65708
3.8017
4.54127
4.38312
4.27052
6.6803
5.69971
6.03594
5.60861
4.91325
3.66011
4.83891
4.24642
3.24839
3.22298
2.29812
3.05079
4.10253
7.11388
2.23357
3.32002
3.83749
5.38573
8.15562
8.27288
5.9421
7.35351
5.14865
4.67573
3.85837
6.0132
4.94092
4.14664
4.34811
4.32379
4.40073
3.84776
3.56944
7.04818
10.9029
5.97312
8.5905
4.47869
4.24662
5.20419
4.14922
4.55676
3.6352
2.78177
3.43362
3.08636
4.70703
7.42601
6.36955
4.12228
5.48474
5.32732
3.63386
3.5886
3.47898
43.2022
8.82289
5.6532
6.55575
6.18243
4.02775
7.44727
4.15712
6.25966
5.19053
5.84758
5.36965
4.95256
5.41553
3.85338
3.89287
3.51702
3.25686
3.22139
3.89054
2.56286
3.52047
5.42255
7.48796
4.98982
3.52929
3.31178
3.15353
2.17928
3.05424
4.58623
2.91035
3.4573
3.20779
3.53204
2.04863
3.63935
2.57814
2.85307
3.0424
3.19952
2.58813
2.14736
2.74637
3.15515
2.99084
3.44841
3.54833
3.77945
4.87509
3.42346
6.62054
4.40195
4.07911
3.37254
3.26891
4.11616
2.69577
2.1379
2.79149
2.09558
2.768
4.14519
5.19271
2.62605
4.26123
3.47297
3.05233
3.8371
3.13408
2.30405
3.012
3.09934
3.47188
2.74543
2.38302
2.60241
2.40588
3.12022
2.68852
2.65632
3.73105
3.82685
3.53407
3.04633
6.26781
6.80902
8.21819
5.2602
38.8874
7.92094
8.12593
8.83337
8.37231
7.27123
8.21773
5.7868
6.05863
3.99338
4.95364
4.01277
3.67139
3.47951
3.21769
8.48649
8.43288
8.3566
5.97818
6.52229
63.1071
6.66145
7.94742
5.96203
5.29716
3.6222
4.85177
3.04506
3.13972
4.43959
3.7535
5.74077
7.93375
7.807
6.21844
7.28011
7.88664
61.5836
7.08686
8.41647
7.80501
5.74031
4.99951
6.06196
6.41982
6.24259
6.79037
6.89706
3.37364
6.83284
6.1824
3.51328
6.74859
5.75976
3.69711
4.01035
3.48918
5.01825
4.13586
4.40007
4.39183
3.84563
6.10491
4.17325
3.38853
7.24308
6.84426
5.76375
3.22497
5.8569
5.17722
4.8843
5.91909
6.8029
4.99409
8.4282
5.23295
4.08869
3.86567
3.88018
3.42638
3.3619
4.105
5.70621
8.69659
5.9506
3.90213
2.24285
30.6803
7.49083
6.64024
5.22268
5.55901
7.68106
5.26563
4.90264
6.5205
3.59804
3.33826
4.7869
3.025
3.39053
3.05003
5.50552
6.04223
5.6783
3.81749
5.52553
6.86689
8.67631
7.61223
7.25286
6.81588
5.84778
6.81924
5.37888
4.54949
5.66833
3.73674
4.0219
4.38558
6.36762
8.48933
9.54417
7.60214
5.94764
5.92047
6.0684
8.88572
6.40015
6.95521
7.6674
4.97878
4.07776
4.64185
4.63804
2.93884
3.291
3.99539
3.937
4.43869
2.67718
3.23978
3.25742
4.19094
3.22718
3.33587
2.90156
3.13008
3.54119
3.51246
3.47061
2.73685
4.02125
3.74556
3.28162
4.12631
3.777
2.90652
3.33619
3.39342
3.77783
3.1507
2.19302
2.90971
3.34652
3.40063
4.24355
3.20012
2.22332
2.7617
3.37999
2.67128
2.45433
2.99119
5.39088
6.84651
3.4777
4.36433
5.05448
4.22166
3.72637
3.24493
3.68249
3.12505
3.73837
4.48054
4.08061
4.91102
4.84093
3.86608
2.80497
2.79915
2.70345
2.3403
3.60508
3.42786
3.01341
2.31677
2.51399
2.45152
1.86517
1.98139
2.98337
4.58964
5.41131
32.7375
8.86941
9.51935
5.46311
5.63202
5.9803
7.14198
6.33078
5.64323
6.96552
6.77333
5.7624
5.97952
6.71039
5.64214
4.35937
3.81961
3.50735
3.15971
3.78955
2.85707
5.45193
5.17554
5.97831
3.84609
6.71247
6.09067
6.77007
7.97886
3.40489
4.69452
4.94276
4.42225
2.73465
2.76721
3.38349
2.88712
3.81931
5.66304
7.1931
6.1315
5.57834
7.43231
5.44236
5.92159
4.72498
3.43056
3.41504
2.33346
3.0093
3.0299
2.96875
2.92647
3.43855
3.66895
3.66121
6.03041
6.21242
4.4391
4.618
3.69244
48.5376
5.87056
7.0995
5.26593
7.52693
6.95079
6.30073
5.85978
2.69418
5.27569
7.79221
4.45612
5.67577
4.70462
4.50545
3.69247
3.67167
4.38128
3.60591
2.8669
4.44509
2.2442
5.40735
4.32167
4.35875
3.33697
2.96462
3.12125
3.37787
2.96111
2.87612
2.13422
2.43093
2.83516
2.17455
3.47712
3.79648
3.7513
3.17951
2.97837
2.33236
3.29648
3.3655
2.2886
3.43764
2.31712
5.84037
8.06122
42.6318
5.9678
6.15313
4.16431
9.01376
5.70232
4.73944
4.89758
6.04714
6.55836
4.37433
7.21169
6.71387
7.9194
5.00269
2.85851
2.76995
3.62358
3.02781
3.24902
3.32061
3.29517
2.40989
3.14195
2.21714
1.98345
276.387
6.09804
4.70802
6.30113
3.21292
4.50205
3.0505
2.84854
2.80904
3.74921
2.13849
2.7669
5.14012
5.04968
3.13574
4.10684
7.43614
5.43548
4.42011
2.85322
2.49919
4.48624
2.84245
2.7434
3.97056
3.99283
2.39724
45.7837
7.69263
7.18281
5.07981
4.92891
4.31322
3.57083
3.15895
2.77691
2.82622
2.4251
6.70737
5.15206
5.86425
6.30865
6.16813
3.35037
4.19573
3.84418
3.07764
4.473
5.05908
4.37464
4.38054
4.30449
7.64522
8.07576
5.50246
4.5778
4.10635
2.29785
2.44329
2.38011
3.32293
2.8651
2.84195
6.56136
5.56942
5.39621
3.96666
3.98302
3.26444
3.23477
2.78671
3.22684
2.8394
3.38393
2.45396
3.02027
2.98768
2.70983
6.10624
4.22867
2.92247
3.43162
2.98593
3.77748
4.98443
8.57552
3.85796
36.9934
7.3833
6.0633
5.18518
4.3853
3.84469
7.50736
6.73009
4.77723
5.47387
7.3966
6.29892
5.28189
4.02857
3.66988
42.5136
9.12165
9.1002
7.30218
5.80215
7.44977
4.38365
5.02697
3.65277
3.00451
5.98269
7.48365
6.16827
4.36447
4.77967
4.06175
4.66939
3.78368
4.79593
2.36861
2.94872
3.67377
3.27733
2.70187
2.493
3.86761
3.31971
4.27029
5.78846
6.9992
3.96219
5.26475
2.35898
3.07485
3.88202
5.45649
2.56429
1.68807
68.6923
7.49466
5.54081
4.10273
5.94663
5.1639
2.88087
3.78456
4.0945
3.50594
3.1981
3.30975
4.48034
7.05091
5.23442
5.21343
6.41374
3.51064
7.13646
6.90933
5.90536
6.42395
6.09103
3.75446
5.46842
10.0544
3.74237
2.00831
4.27156
5.04263
5.63993
3.70117
2.53025
3.16837
2.30315
3.76821
2.886
4.72295
4.32131
4.42693
4.33028
3.40543
3.03763
3.20213
3.03855
2.9221
7.61693
5.79489
5.10445
48.8147
9.77165
7.04139
8.555
5.99553
4.29122
7.62064
5.98961
4.71439
6.05597
6.49042
7.01858
2274.87
5.41246
6.44812
4.94425
6.19225
4.18387
4.88544
4.93318
4.55493
4.03462
2.86471
2.72106
3.3026
6.9571
7.55426
6.51146
5.26335
4.2455
3.87883
4.01575
2.66551
4.73024
5.13442
4.77418
4.92799
47.0072
6.27209
5.23683
4.84219
4.90968
3.45639
8.2869
4.74488
6.69265
4.45659
3.2952
3.58241
3.21997
2.91992
3.12811
3.13117
3.81653
2.88664
3.11703
3.24985
2.42195
3.17955
2.67969
3.17267
2.86144
2.11764
3.52665
4.63007
2.64916
2.67339
3.37133
3.55535
3.27592
3.23369
2.92412
2.30479
2.41137
1.94866
64.5404
8.725
7.50744
5.99687
5.99163
6.12925
5.34695
7.59633
7.06186
6.58065
7.65204
8.29673
6.55573
5.05886
6.09736
6.37749
4.11468
2.89257
3.92045
3.33772
2.70499
4.29718
4.82024
5.06846
3.08036
4.13099
5.21492
6.69345
5.87368
5.9921
4.76055
3.69227
4.11517
3.90871
3.54562
3.29948
4.06385
3.17958
2.93596
3.10283
2.80298
2.42958
3.2858
3.51243
3.18955
3.12195
2.63609
2.64832
3.50716
2.7921
4.37851
3.18782
2.81334
2.612
2.92882
3.91319
2.11182
3.65136
3.46383
2.77722
6.29266
3.16528
4.06947
3.1751
6.11567
7.43593
7.19018
5.17201
7.03611
8.67996
7.61042
5.81442
5.85783
3.65123
5.17592
6.36947
8.08753
6.22893
4.87266
3.70388
6.42224
4.11283
3.35128
2.43482
54.85
7.74045
6.49936
6.87861
5.75402
5.23568
4.28514
3.48306
3.65589
2.63897
3.58795
2.42677
3.69594
3.19
5.34236
7.01973
5.96415
6.1546
3.44413
4.54374
4.2145
3.72026
3.0458
2.8871
4.09907
2.74073
2.87062
2.40621
2.39064
3.75272
3.0663
3.31031
3.48285
3.32946
3.49697
3.66154
3.56805
3.55621
3.73016
5.03568
2.94534
5.32871
3.33192
3.58732
5.00592
5.71774
7.67442
5.91679
2.88854
2.72018
87.2607
7.16837
5.34054
4.42924
5.50232
3.06
4.18146
3.70949
3.92887
3.12264
5.03268
7.32559
3.7049
2.66996
2.83394
3.46744
3.26741
2.50329
2.43513
2.47762
175.03
6.58999
10.5185
15.1225
4.84367
4.58545
3.89219
3.32273
3.24998
3.27839
5.73104
6.53642
4.9579
3.8821
5.75912
3.46521
4.00599
4.97353
3.78797
3.91667
3.54735
2.81016
2.70045
4.03879
2.38794
2.68094
4.82473
6.99086
9.34407
6.7691
3.9968
4.4827
3.76976
2.97576
3.25807
3.35159
4.60204
3.63388
3.1309
3.6023
3.43712
2.48529
2.60432
3.4759
2.27052
3.36745
3.17406
2.91499
4.60882
2.93262
2.66201
3.29755
3.00068
2.79683
3.92083
3.76697
2.78821
3.81864
3.5221
2.57518
3.07365
2.57943
1.80536
49.0174
6.32145
6.30983
6.36423
5.62406
3.70617
5.37995
3.73283
4.14244
3.52956
3.69347
3.71293
2.19453
3.07671
6.3118
8.28576
5.82156
5.53835
230.51
7.45942
6.81501
5.5782
5.63989
5.72617
5.91538
5.02602
6.62662
3.38251
3.73757
4.31593
3.91766
3.3821
3.89242
4.5091
6.56841
6.27467
5.51091
4.80826
5.7573
7.4258
6.50545
7.36186
2.8629
6.25533
5.54116
4.75476
40.0032
6.35836
7.70127
7.76353
6.51448
7.83425
5.65582
8.74341
4.71606
4.72754
6.67715
6.09819
6.23058
4.0134
4.27956
3.90093
7.85266
7.03277
6.29467
7.01159
5.63739
6.07831
6.42175
5.81604
6.74904
4.91085
5.37782
6.76535
4.4944
7.24933
5.97016
6.26008
4.23654
3.44157
3.64487
3.84427
3.50785
3.6068
3.06252
3.43599
3.30389
3.59618
2.70168
2.18063
82.0883
9.36462
5.47104
6.37114
5.64919
4.84662
4.9509
3.96887
5.45243
3.99068
3.04651
2.81155
3.4208
3.12343
3.04913
3.11124
2.97159
3.58616
2.51009
212.501
8.97963
4.52454
6.50251
5.10113
5.68176
4.08271
3.21463
4.26428
3.87964
4.27797
3.20805
2.79147
2.82282
2.24049
4.23262
3.82138
2.60024
2.77055
43.7049
8.88152
5.24297
7.17131
4.25693
4.88207
4.47596
4.13295
3.96619
3.52696
4.28367
3.59797
2.92038
2.76133
2.73687
2.92593
4.07909
5.07692
3.23235
2.50617
2.42958
366.702
8.53507
6.09463
3.96208
4.76659
3.73724
4.87661
3.70384
3.59854
2.93749
3.5143
3.71835
3.38799
3.45208
2.25759
4.36638
3.76247
3.81492
3.22059
2.67323
2.34864
207.172
6.75031
7.43111
6.51763
4.52698
3.54312
4.22133
3.69987
3.662
3.45031
3.18289
3.0338
3.95973
2.57771
3.49539
2.88206
2.60361
3.02989
4.39931
5.10969
4.17888
3.04439
2.20998
68.4668
8.3488
5.61876
7.48982
4.35928
4.67487
4.93263
4.53219
4.41879
3.93938
2.65356
3.61167
3.40198
3.88733
3.2451
3.15044
2.7984
2.96218
3.14773
2.99254
4.08043
2.44416
2.35054
3.11587
3.38696
4.00687
4.12184
3.12302
3.07119
1.9172
121.14
8.64183
7.5681
6.48065
5.46214
4.00689
4.44009
3.98635
3.9662
3.24638
2.94654
2.82958
3.70351
3.23559
2.32094
2.91157
2.4882
3.40262
3.56126
3.22465
3.46837
3.42516
77.7137
7.76989
8.35122
6.9002
5.91307
5.54743
3.51933
3.62864
3.74559
3.42966
2.86335
2.92745
3.73855
2.0966
3.08073
2.98148
3.66493
3.25856
3.12281
3.90313
4.04775
2.87293
3.44509
3.5156
4.01287
2.66479
2.8156
2.89308
2.88885
3.36916
3.39082
2.04041
1.8888
153.434
6.75793
8.84387
9.7248
5.01777
5.94659
5.1331
4.01109
4.23314
4.4274
4.43956
3.55206
3.62112
4.21632
3.17683
3.70772
2.60472
3.37757
3.05814
2.85429
2.50189
3.56698
3.98721
4.11552
4.03105
3.39637
4.91998
3.67805
7.14267
4.55922
4.97961
4.84749
3.82106
3.31011
76.671
7.89601
5.87056
4.36447
4.69897
7.47654
6.07828
6.09047
4.07039
4.27537
3.3054
2.64434
3.51972
3.67714
2.59897
11.067
4.30776
8.03375
7.20067
6.91979
5.68288
7.41546
6.79699
3.95604
4.44667
3.36879
3.79662
4.19805
3.52185
3.76693
4.2391
3.63303
3.9304
3.51185
2.98934
3.02685
8.30433
4.60157
4.49577
4.40799
9.47173
5.02582
58.7726
7.57407
5.0648
5.04586
6.6825
6.28388
6.0833
4.45777
5.18986
8.1374
6.69226
6.66249
4.42622
5.51193
3.80946
3.86337
2.73295
2.33964
164.298
6.68685
7.2128
5.50195
5.73544
7.78899
3.16186
5.05028
6.81812
2.90426
2.60219
3.06024
2.68956
2.87113
2.56788
3.02007
5.81532
6.78181
2.59517
4.2368
91.3614
7.52793
8.37448
6.10251
4.69114
4.14706
3.36907
3.4965
4.65755
5.07839
5.82371
5.51472
3.68384
4.3629
2.94362
4.59567
3.46306
6.69295
149.545
6.88092
6.28368
7.7371
4.71998
5.02798
6.20709
4.41684
3.51918
2.31093
2.94134
4.38337
5.93216
5.70308
3.39042
6.15165
5.56878
5.27719
4.75415
5.50846
3.33354
72.7403
5.41201
2.37683
4.07832
3.0599
2.67186
3.21481
3.84103
7.29732
7.65246
4.72677
3.68233
3.14009
3.1135
3.24306
7.71966
7.41814
4.90578
7.06832
8.80006
3.31015
3.24051
3.96981
3.07042
2.99912
4.5823
6.7844
4.59717
43.6501
5.23783
4.69528
5.19015
6.7389
6.22273
6.7827
7.37597
3.76465
3.49476
7.25918
5.59852
3.68956
3.2707
3.01147
2.37387
218.975
7.65685
7.99543
7.38634
6.52331
5.28402
4.59798
5.28459
4.20269
3.11028
2.62116
3.59386
2.97265
7.6544
6.28586
4.93474
2494.34
7.34608
5.53758
6.33708
4.78403
4.09044
4.26473
4.33868
7.27369
5.46253
8.32429
8.66335
5.20529
5.38358
6.33829
4.89439
5.88656
5.56562
5.93989
4.21181
5.13523
3.69328
3.36891
3.02195
3.10279
2.90281
2.46374
3.3429
2.32224
2.46752
3.03808
3.5468
4.93971
3.53688
2.80305
3.34447
4.07961
7.57695
4.06177
58.904
5.635
6.89771
6.43682
4.46644
3.79167
3.74109
2.51477
2.33187
1.99794
2.43588
2.69425
3.14612
5.28045
3.20715
3.0339
4.02526
2.1227
2.19106
2.21762
2.26196
2.52458
2.63812
3.47143
2.82125
2.62464
2.4049
2.22171
4.30959
49.3584
5.22414
5.10372
