26.9632
3.73374
6.46857
12.1808
7.17148
3.87353
1.73389
8.39443
1.59857
2.71705
12.2648
2.25448
1.85605
6.15175
2.17066
1.67697
2.11953
8.6369
1.78641
5.01892
6.78492
1.85807
1.58166
1.95852
1.61284
2.11522
6.88328
1.63254
1.59807
1.61793
1.49556
1.64448
1.56067
1.97954
2.34995
1.71299
2.07809
1.63121
1.37513
1.77641
2.4676
3.11621
1.56096
1.76296
1.7436
1.98639
2.61831
2.14068
1.83967
2.27688
2.87291
2.48191
1.78987
2.26657
1.89493
1.69511
1.56914
1.71808
1.81056
1.65905
2.01619
1.68575
1.63414
1.57428
1.72396
1.66755
1.40449
1.75536
1.58661
2.60057
1.50651
1.96865
1.87267
1.50767
1.50877
1.56135
1.51624
1.75278
2.41658
1.57631
1.4356
1.50848
1.46816
1.46322
1.46438
1.48719
1.44587
1.41767
1.48017
1.50412
1.40114
1.48721
1.95663
1.57075
1.44129
1.73266
1.56468
1.38478
2.04293
1.45314
1.61476
1.59679
1.83252
1.88972
1.48633
1.82247
1.52246
0.751006
1.53411
1.60377
1.47367
1.53441
1.6166
1.56805
1.59615
1.54461
1.53938
1.71851
1.53277
1.49416
2.17395
1.59611
1.57387
1.43405
1.51949
1.52846
1.57862
1.43023
1.69531
1.49757
1.43262
1.25948
1.49721
1.51338
1.57763
1.60561
1.53911
1.2955
1.48745
1.58204
1.90137
1.59469
1.50026
1.5217
1.55457
1.49683
1.76997
1.6393
1.80915
1.72636
1.64522
1.63509
1.7221
1.92609
1.55793
1.65355
1.95695
2.12382
1.50724
1.77176
6.75047
4.12714
1.94765
2.32634
1.97942
1.57466
1.50529
1.66833
1.50468
1.32856
1.29458
1.40815
1.54513
1.26722
1.19245
1.33045
1.29248
1.21116
1.27207
115.384
2.21664
3.39732
0.938642
2.0684
1.97069
1.70078
1.72954
2.00921
1.61813
1.60468
2.19154
1.80019
1.92246
1.76126
1.68052
1.78295
1.76263
1.71205
2.07891
2.64426
2.83141
1.80381
1.64603
1.74464
1.81047
1.94661
1.68378
1.7929
3.84251
1.61048
2.52004
1.55864
1.65557
1.59806
1.5824
1.80566
2.06092
1.67942
2.07933
1.76908
1.75044
2.06333
1.80656
1.93477
1.73783
1.83796
1.79323
1.72593
1.85791
1.69485
2.00243
1.82776
2.04384
1.67774
1.79928
1.85645
1.73762
1.92317
1.82204
1.79643
1.76262
1.69894
1.93524
5.44411
1.71725
1.69363
1.71522
1.86175
1.73251
1.81656
1.63218
1.62195
1.81921
1.63528
1.64741
1.6145
1.70194
1.62062
1.83431
2.59524
1.86611
1.78085
1.69495
1.62278
1.65901
1.70341
1.93351
1.66702
1.65822
1.83309
1.66777
1.63609
1.6411
1.70861
1.72521
1.98961
1.44574
1.6935
1.73734
1.44192
1.97057
1.88014
1.90967
1.66838
1.79764
1.96575
2.07838
1.85205
2.00643
1.77879
1.87938
2.26915
1.82314
2.07267
2.14405
1.62564
3.18756
1.73504
1.64898
1.74649
1.70423
1.66507
1.71277
1.77514
1.70194
1.61483
2.06067
1.65695
1.64622
1.68219
1.616
1.83899
1.63942
1.65421
1.6853
1.79225
1.74413
1.67982
1.73323
1.82648
1.81204
1.8392
1.98309
1.68843
1.71337
1.45362
1.76801
1.63505
1.64857
1.68555
1.60977
1.49257
1.54243
270.079
1.84791
3.07978
4.04534
2.99502
1.92017
2.12909
1.99291
2.10627
2.00885
1.51747
1.19602
1.23153
1.38332
1.53384
2.31775
2.84811
3.19029
1.79601
1.65309
4.80286
1.80884
1.65334
1.79312
2.29362
2.0003
1.93447
1.70145
1.65688
1.68781
1.92283
2.92406
1.68588
1.63087
1.67665
1.7401
1.66147
1.67877
1.66478
2.08175
1.54116
1.86425
1.72018
1.84225
1.85647
1.76446
2.29702
1.74229
1.75392
1.67016
1.68155
1.71226
1.69428
1.49946
1.85266
1.58493
1.6297
1.56933
1.90512
1.81986
1.70758
1.75644
1.95061
1.89266
1.75886
1.7027
1.71878
1.69867
1.81629
1.79469
1.30916
1.21521
1.27469
1.20853
1.2632
1.36681
1.30218
1.2197
1.45807
1.49942
1.52906
1.30234
1.37059
1.54127
1.24669
1.48757
1.4265
1.24939
1.41937
1.31001
1.40535
1.27356
1.23064
1.575
1.29902
1.35309
1.3222
1.38122
1.39892
0.695591
1.33118
1.25353
1.33375
1.06094
1.21987
1.22472
1.48789
1.31733
1.46173
1.0961
1.27632
1.2663
1.3758
1.34351
1.31863
1.33533
1.43507
1.29164
1.30511
1.28412
1.29409
1.47768
1.35544
1.30834
1.27367
1.40801
1.48295
1.5171
1.22036
1.25743
1.34968
1.34057
1.25134
1.29683
1.23648
0.645313
1.4201
1.30238
1.39196
1.41225
1.64663
1.42443
1.44808
1.3385
1.16489
1.74263
1.63378
1.82126
1.7887
1.66778
1.85199
1.6859
2.06193
1.69199
1.74949
1.64166
1.77138
1.85031
1.6076
1.92196
0.828128
1.61085
1.53859
1.80311
0.829842
1.668
1.6159
1.62533
1.4655
1.61766
1.79747
1.8172
1.63758
1.56481
1.6894
1.58609
2.01198
1.85317
1.66828
1.66935
1.61679
1.80607
1.60361
1.5868
1.82124
1.6332
1.57888
1.69572
1.69451
1.94372
1.82999
1.62859
1.86918
1.63243
1.89251
1.78029
1.68869
1.47823
2.64224
2.25889
2.02473
2.02197
2.05149
1.90038
1.93919
1.90941
1.09551
1.93444
99.9705
1.57436
1.58878
1.63855
1.70959
1.75669
1.41482
2.75843
1.84034
2.52331
1.76795
1.68399
1.61264
1.77726
1.99072
1.61456
1.96308
1.76735
1.64824
2.00268
1.79914
1.70465
1.76839
1.71739
1.67761
1.85517
1.79112
1.89703
1.66461
1.59744
1.64043
1.82814
1.70766
1.67121
1.71244
1.71261
1.89085
1.77009
1.8213
1.69715
1.90153
0.863247
1.79445
1.67976
1.96239
1.72904
1.6612
1.26406
1.35817
1.9588
1.77466
1.55059
1.48171
1.23373
1.24538
1.54104
1.3172
1.39047
1.38394
1.25638
1.30453
1.31214
1.51793
1.61479
1.51168
1.44185
1.4226
1.37801
1.35487
1.36837
1.71397
1.85289
1.72029
1.68724
1.67492
1.71056
1.66287
1.90619
1.7308
1.66355
1.68681
1.71392
1.79452
1.74877
1.64985
1.69879
1.84915
1.75314
2.09592
1.70106
1.76451
1.89509
1.6834
1.7481
1.94146
1.62165
1.83983
1.62786
1.68575
1.8716
1.87107
1.5515
1.83872
1.37401
1.59964
1.75679
1.65552
1.77467
1.69267
1.63722
1.76131
1.6306
1.57056
1.6156
1.7132
1.58418
1.64402
1.76764
1.62227
1.84296
1.76739
1.6359
1.68995
1.75584
1.69247
1.66928
1.77028
1.58319
1.62826
1.63893
2.06661
2.07586
1.79571
1.64899
1.67544
1.79805
1.74081
1.63918
1.73038
1.69723
1.64101
1.65161
1.72167
1.62419
1.72757
1.7004
1.52873
1.79121
1.57094
1.68543
1.63711
1.68413
2.01867
1.62054
1.66792
1.69236
1.59819
1.66409
1.61288
1.83247
1.60891
1.63508
1.46268
1.67787
1.93861
1.51653
1.82509
1.52953
1.71368
1.65409
2.1854
1.98766
2.07639
1.82917
1.73192
1.85247
1.82469
1.65747
2.00329
1.71322
1.69517
1.66142
1.69039
1.73172
1.66564
1.6741
1.53929
2.81908
1.85968
1.74614
1.6602
1.66726
1.58553
1.716
1.79871
1.68946
1.65768
1.85249
1.74429
1.72605
1.71834
1.67059
1.67773
1.73516
1.67229
0.843833
1.62458
1.62902
1.78939
1.56886
0.96452
1.66559
1.63346
1.67111
1.62223
1.91673
1.68662
1.682
1.59261
2.80521
1.70603
1.77623
1.80265
1.53596
1.7347
1.3644
1.48839
7.15286
1.53902
1.48149
1.42893
1.41669
1.25647
1.31334
1.35217
1.30646
1.44229
1.41657
1.45728
1.34491
1.25888
1.29355
1.27742
1.17115
1.40748
1.20664
1.26066
1.15952
1.25265
1.2801
1.23796
1.23975
1.18702
1.41773
1.25445
1.39198
1.18406
1.1342
1.11629
1.40516
1.18951
1.17638
1.19146
1.25298
1.05087
1.23217
145.377
3.50737
1.60025
2.48339
1.6813
1.68938
1.9535
1.58921
3.95938
2.151
1.57948
1.67243
4.676
2.81611
1.68862
1.57106
1.76014
1.67742
1.89087
3.10578
2.05031
1.70462
2.08637
1.73042
1.80463
1.66866
1.69938
1.71065
1.86361
1.91498
1.87806
1.73993
1.83074
1.74803
1.73331
1.75199
1.76212
2.58227
3.82305
3.20245
2.96645
1.52611
1.89149
1.74477
1.55846
1.76961
1.70439
1.70047
1.65606
1.75325
1.95538
1.80109
1.69993
1.41671
1.85759
1.83641
1.81682
1.69649
1.82582
1.69072
1.53124
1.70804
1.81789
1.6096
1.70209
1.65744
1.67612
1.69037
1.53183
1.84956
1.91846
1.6167
1.54625
1.44927
1.51856
1.794
1.52022
1.58138
1.55925
193.485
3.63876
4.09113
3.31333
3.80852
3.3115
3.53446
1.85215
1.62483
1.83578
1.72478
1.76947
1.59979
1.8499
6.54518
1.6003
1.6763
1.647
2.33796
1.85845
1.7609
1.86063
1.63792
1.67168
1.66359
1.83012
1.71863
1.74076
1.69744
1.66286
1.94147
1.74134
2.52957
1.67508
1.81549
1.69748
1.67521
1.62664
1.63953
1.61708
1.75663
2.83865
1.63572
1.74799
1.93548
1.68933
1.73591
1.65473
1.86355
1.65107
1.65923
2.3183
1.63541
1.59267
1.8811
1.7949
1.77161
1.66512
1.77706
1.81947
1.62938
1.78443
1.74208
2.54316
1.77248
2.03684
1.62545
1.68527
1.71992
1.73778
2.81412
1.85868
1.68966
1.47877
1.74497
1.65519
1.57824
1.83723
1.79492
1.70761
1.75528
1.75148
1.77105
1.74346
1.87956
1.76255
1.73784
1.71543
1.68792
1.6482
1.73063
1.68
1.64761
1.94626
2.0512
1.63314
1.67311
1.65296
1.82298
1.73582
4.42238
1.81629
1.91579
2.23024
2.46327
7.88346
2.74209
2.99621
5.56044
1.88122
1.71413
1.71764
1.53731
1.58385
1.60819
1.76816
1.49056
1.64272
89.4101
1.99326
1.73172
1.78435
1.72956
1.69162
1.72933
2.03108
1.82211
1.72812
1.90729
1.8308
1.69902
1.72697
1.76086
1.79745
0.885202
1.86426
1.68801
1.66603
1.75736
1.68344
1.76334
1.94441
1.69742
1.66751
2.04497
2.0179
1.79799
1.73327
1.71602
1.68137
1.8778
1.70322
1.72622
1.81117
1.52118
1.85698
1.7051
1.92296
1.7637
1.85851
4.42257
1.88925
2.02855
1.79085
1.74826
1.73204
1.70554
1.93768
1.83509
2.13522
1.80951
2.05103
1.45335
1.79396
1.65657
1.64498
1.81213
1.72892
1.772
1.98388
1.82172
1.8254
1.85234
1.63075
1.69867
1.84994
1.63329
1.66076
1.59654
1.83677
1.73212
1.64141
1.73839
1.70053
1.72188
1.72803
1.66472
0.837445
1.88363
1.85044
1.91419
1.75176
1.52902
1.74029
1.69917
1.64862
1.66754
1.60286
1.59937
1.55669
4.77695
1.66444
1.66792
2.13758
1.9268
1.66741
1.57496
1.65471
1.8545
1.95395
1.73595
2.11946
1.75387
2.03649
1.97326
1.55405
1.5948
1.30828
1.40945
1.34865
1.3701
1.45883
1.51786
1.51872
1.73923
1.35664
1.29007
1.23429
1.46859
1.53351
1.65621
2.6268
2.63145
1.92487
2.47833
1.92596
1.74942
1.7835
1.6553
2.38016
1.79568
1.49905
2.95826
1.70161
3.37262
1.96694
1.91345
1.49133
1.85182
0.766183
1.55103
1.75133
1.5849
1.46144
1.45702
1.58023
1.55903
1.71045
1.55366
1.43209
1.59181
1.4925
1.50114
1.43141
1.46572
1.51867
1.46223
1.61988
1.61734
1.64565
1.55524
1.60601
1.50091
1.64548
1.83429
1.61742
1.59819
1.60276
1.53464
1.82194
1.79218
1.60772
1.44066
1.63376
1.5014
1.60492
1.54247
1.5686
1.61144
1.67161
1.49374
1.62895
1.43621
1.50111
1.418
1.45835
1.58284
1.63874
1.55666
1.57373
1.54065
1.71989
1.69394
1.59673
1.6436
1.63718
1.71144
1.55374
1.66892
1.65943
1.48016
1.50646
1.71075
1.51395
1.55598
1.44122
1.50094
1.78479
1.46003
1.54755
1.75692
1.53554
1.73693
1.7781
1.91454
1.62926
1.661
1.48345
1.77327
1.78716
1.93828
1.44426
1.53308
1.56696
1.71589
2.87275
1.74829
1.56338
1.60756
1.85729
2.03658
1.60007
1.71468
1.84914
1.68172
1.68331
1.74443
1.57279
1.57929
1.62436
1.65792
1.66738
1.80418
1.44648
1.47156
1.67454
1.58217
1.45263
1.45777
1.55099
2.67705
1.44805
1.53026
1.65223
1.6402
1.44128
1.33271
1.80737
1.56348
1.54237
1.48241
1.54478
1.59795
1.55519
1.7897
1.48894
1.50121
1.56581
1.48126
1.51074
1.59332
1.51189
1.59425
1.64265
1.96424
1.55001
1.5721
1.53524
2.06635
1.60672
1.57522
1.54078
1.58314
1.6366
1.58159
1.61859
1.58122
1.87756
1.62875
1.62842
1.57456
1.56045
1.51404
1.68337
1.58984
1.62221
0.808856
1.56417
1.83647
1.60767
1.50401
1.59389
1.43698
1.6067
1.69057
1.59794
1.615
1.55588
1.74942
1.56619
1.52839
1.54985
1.50023
1.56619
1.89699
1.5896
1.59842
1.87877
1.71136
2.0149
1.57753
1.81623
1.60275
1.59093
1.67824
1.57654
1.2121
1.50796
1.3922
2.35906
1.61652
1.44044
1.22903
1.23442
1.42359
1.36497
1.38846
1.54576
1.39295
1.35919
1.30705
1.3552
1.40614
1.1588
1.4874
1.30051
1.42239
1.39311
1.48345
1.60296
1.54623
1.44101
1.79834
1.88855
1.71406
1.67702
1.47518
1.75915
1.32241
1.7979
1.8544
1.60447
1.74887
1.70734
1.6704
1.86444
2.2132
1.99219
1.78969
1.72453
1.96967
1.61529
2.05863
1.69411
1.62885
1.6349
1.62469
1.69616
1.57808
1.63231
1.61295
1.63192
1.63218
1.58394
1.58563
1.5337
1.78153
1.83749
1.63118
1.6044
1.33915
1.25058
1.26628
1.2768
1.28027
1.18301
1.40403
1.73585
1.3524
1.64522
1.6674
1.59469
1.85672
1.45659
1.57965
1.52937
1.62482
1.69088
1.90735
1.65432
1.94142
1.91063
1.30098
1.4144
1.2897
1.54867
0.650062
1.57319
1.69264
1.83438
1.5562
1.56485
1.58544
1.50034
1.65413
1.48986
1.66043
1.50916
1.5215
1.6083
1.50586
1.5599
1.62169
1.77754
1.46006
1.69236
1.47003
1.38143
1.36645
1.70717
1.2707
1.62683
1.26319
1.24882
1.14164
1.16701
1.88286
1.35744
1.39902
1.45421
1.48728
1.53492
1.25375
1.15645
1.15124
1.22988
1.27721
1.21509
1.00845
1.48075
1.36496
1.50973
1.54842
1.40797
1.23975
1.34726
1.59814
1.8295
1.52049
1.00188
1.2217
1.12045
1.43808
1.15127
1.16845
1.37422
1.50351
1.48077
1.57659
0.870345
1.60326
1.77711
1.63613
1.64983
1.64174
1.75806
1.67291
1.50949
1.61165
1.69691
1.70311
1.99461
1.36182
1.59188
1.73078
1.4899
1.71003
1.52487
1.52891
1.64168
1.54732
1.72265
1.66736
1.53388
1.686
1.6559
1.66204
1.85664
1.90623
1.58377
1.52221
1.42327
1.59665
1.52948
1.53187
1.66757
1.7949
1.70026
1.51615
1.53837
1.59607
1.54991
1.58163
1.6864
1.50355
1.58674
1.62553
1.62304
1.5535
1.54425
1.58322
1.79538
1.60961
1.64788
1.53476
2.2404
1.92359
1.73508
1.42792
1.5667
1.59169
1.64281
1.5527
1.58281
1.64134
1.73368
1.21534
1.43584
1.58506
1.68309
1.76004
1.65214
1.70385
1.62074
1.52235
1.67477
1.60159
1.56162
1.51531
1.68003
1.56524
1.69743
1.59615
1.84427
1.56318
1.91007
1.74569
1.4284
1.55452
1.48285
1.54059
1.73723
1.7517
1.55725
2.73152
1.60741
1.50255
1.56355
1.48089
1.76575
0.904928
1.94362
1.59694
1.69938
1.64864
1.63347
1.65883
1.64592
1.5701
0.956382
1.56766
1.67433
1.69841
1.42126
1.51136
1.72219
1.2253
1.39113
1.34366
1.1822
1.114
1.27846
1.27546
1.31732
1.38123
1.31797
1.74438
1.77005
1.67839
1.3262
1.60531
1.81948
1.7977
1.36037
1.39482
1.27529
1.25692
1.19219
1.17263
1.18894
1.12671
1.47422
1.22402
1.1934
1.40328
1.48698
1.25063
1.39528
1.56102
1.54031
1.53119
1.53967
1.33162
1.28356
1.30367
1.19561
1.45363
1.23405
1.30506
1.66093
1.70776
1.79381
1.50687
1.40095
1.44216
1.51925
1.6259
1.53224
1.44169
1.4139
1.53148
1.49683
1.28886
1.27615
1.39233
1.26848
1.4811
1.28665
1.83299
1.86614
1.9916
1.60472
1.48557
1.42737
1.26164
1.5371
1.20665
1.19592
1.20855
1.37113
1.34915
1.58961
1.60396
0.733101
1.50413
1.56558
1.21881
1.19629
1.20127
1.38602
1.45986
1.19395
1.45568
1.32494
1.13304
1.20629
1.34123
1.34908
1.31813
1.20171
0.826627
1.17151
1.35844
1.49721
1.30979
1.26844
1.3095
1.1526
1.16983
1.21393
1.21219
1.18732
1.11258
1.18639
1.12338
1.12152
1.12019
1.21167
1.29322
1.24018
1.22756
1.24667
1.27199
1.14783
1.20303
1.26614
1.33712
1.28008
1.27889
1.15826
1.23357
1.35573
0.703311
1.44065
1.62549
1.59625
1.35137
1.27731
1.1921
1.28039
1.19055
1.22538
1.13978
1.03393
1.20762
1.3428
1.25423
1.15895
1.20119
1.30103
1.40788
1.27752
1.25433
1.2948
1.21053
1.2785
1.25654
1.58425
1.55212
1.64553
1.54048
1.66358
1.55844
1.20793
1.27281
1.11917
1.15102
1.11259
1.21153
1.31587
1.22012
1.36756
1.2649
1.61424
1.38927
1.20494
1.34913
1.19241
1.33201
1.2297
1.17064
1.20941
1.17664
1.20144
1.15328
1.16482
1.3129
1.34614
1.33576
1.18626
1.27123
1.54485
1.40347
1.33931
1.58533
1.255
1.27563
1.43312
1.65381
1.27083
1.31334
1.46556
1.37958
1.42643
1.44732
1.26838
1.38406
1.44438
1.15167
1.32761
1.25839
1.24558
1.06927
1.22871
1.20569
1.13788
1.16346
1.19542
1.22158
1.31852
1.32022
1.19304
1.23911
1.28035
1.19406
1.2099
1.19654
1.23995
1.22723
1.08934
1.15398
1.54556
1.56091
1.52484
1.40313
1.61702
1.32699
1.14641
0.58675
1.17878
1.39054
1.42311
1.41744
1.3353
1.61404
1.17178
1.14624
1.17717
1.14999
1.2673
1.26112
1.29329
1.25243
1.4296
1.18897
1.15219
1.22243
1.14863
1.17297
1.45849
1.18161
1.4033
1.25838
1.2128
1.2125
1.26858
1.14681
1.23773
1.2541
1.1225
1.22271
1.19886
1.20684
1.38725
1.31883
1.65795
1.46869
1.32752
1.42832
1.41214
1.23492
1.37546
1.57599
1.45242
1.50067
1.58781
1.75939
1.73191
1.78771
1.44446
1.49016
1.49417
1.09043
1.35832
1.27826
1.40713
1.53222
0.804578
1.47356
1.54815
1.33149
1.45393
1.60118
1.50219
1.63461
1.73758
1.58907
1.60353
1.61604
1.56787
1.66493
1.55705
1.58664
1.3587
1.72058
1.63743
1.80995
1.60417
1.63848
1.35632
1.24246
1.32559
1.21992
1.19909
1.19751
1.33298
1.26032
1.39375
1.13522
1.08089
1.3417
1.07738
6363.28
6.87154
3.89051
2.8376
4.83739
2.34877
3.32534
2.64639
2.79454
3.1262
3.05772
2.66771
3.25808
3.40719
2.14847
3.0801
3.00872
2.87241
3.096
3.38582
2.36453
3.16812
2.88904
3.53674
2.96012
2.34358
4.59802
3.47747
3.28478
3.293
2.82115
3.02803
3.08584
2.30543
3.46773
3.45918
3.08338
3.28414
2.83668
2.82257
3.1097
3.07579
3.10262
3.01441
3.02585
3.28002
2.21769
1.93203
1.70261
1.92287
3.91454
2.66178
2.45413
3.17467
2.98089
3.4674
3.36753
2.90587
3.16336
9.89986
4.21348
3.04517
3.11878
3.23113
2.5255
2.47414
2.72451
3.02296
3.03692
2.41673
2.73104
3.11093
