6.80571
3.71579
2.85776
2.04275
2.02201
2.28593
1.26015
0.995017
0.986955
0.991064
0.989142
0.994035
0.99396
0.972503
1.01172
0.991689
0.953972
0.987718
0.986271
0.971935
0.972053
0.943168
0.955333
0.967431
0.937586
0.939431
0.972792
0.983239
0.984515
0.980012
0.979284
1.00605
0.968838
0.967171
0.968975
0.948392
1.0109
0.98777
1.00069
0.986542
0.996411
0.967114
0.984639
0.983132
1.00564
0.996162
1.00185
0.995768
0.982463
1.00519
0.969392
1.00001
0.982979
0.977929
0.977235
0.99053
1.0045
0.992585
0.956251
1.01268
0.950885
0.98046
0.986961
0.984284
0.995192
0.986158
0.944539
0.996089
0.977526
0.978107
0.982916
0.964424
1.00369
1.00049
0.981323
0.983399
0.984323
0.975236
1.02365
0.971755
0.971737
0.991779
0.972834
0.989381
1.00808
0.989939
0.977324
1.01329
0.97536
0.982056
0.987577
0.949394
1.00851
0.979502
1.01373
0.994666
0.968151
0.979063
0.996665
0.975079
0.985652
0.940195
0.944917
0.969885
0.981208
0.977502
0.976521
0.987536
0.976823
0.979163
0.995564
0.941566
1.05503
0.970011
0.996726
0.989915
0.98383
0.992032
0.985535
1.01119
1.00038
0.949508
0.995644
0.993109
0.991208
0.97287
1.0125
1.01845
0.981488
0.99892
0.992557
0.991042
1.00978
0.98195
0.993433
0.982426
0.980634
0.979535
0.993548
0.964544
1.00351
0.975381
0.975248
1.00692
0.979099
0.983991
0.967431
0.981503
0.990946
0.970571
0.991202
0.982838
0.992247
1.01038
0.993313
0.965326
0.965081
0.959512
0.978419
0.986373
0.982634
0.97942
0.982387
0.959701
0.991242
0.997132
0.976927
0.961443
0.991419
0.983946
0.978673
0.994814
0.984542
1.01781
0.977346
0.981143
1.00635
0.976883
0.969667
0.981925
0.966568
0.991388
1.00117
0.97052
0.961853
0.976696
0.963928
0.977376
0.971388
0.960754
0.977944
0.973004
0.973926
1.0109
0.969669
0.965541
0.968324
0.969345
0.986928
0.981597
0.954267
0.979591
0.983634
0.996651
1.02941
1.04043
1.02502
0.990324
1.00922
1.01574
1.02536
0.99756
1.03449
1.08279
1.10488
1.0636
1.07406
1.08755
1.12373
1.04332
0.968637
0.976068
0.972253
0.970714
1.00472
1.00499
1.31564
2.60874
2.73855
2.6519
2.54753
1.69135
1.02372
1.02432
1.00839
1.00792
0.995596
1.00913
1.01845
1.0076
1.00784
0.952131
0.91504
0.828848
0.804995
0.868126
0.930234
0.910913
0.914415
0.873055
0.889907
0.911765
0.918319
0.932783
0.837228
0.841621
0.849745
0.845339
0.835983
0.837149
0.91982
0.940052
0.960316
0.961527
0.979585
0.874056
0.919789
0.902131
0.901993
0.941199
0.919608
0.913818
0.898355
0.839532
0.908669
0.938965
0.848238
0.830579
0.806076
0.808834
0.831331
0.807325
0.909494
0.903614
0.88501
0.899552
0.927821
0.886997
0.813747
0.822
0.861039
0.917583
0.937637
0.916881
0.924612
0.923687
0.849782
0.968217
0.928737
0.860458
0.845304
0.861996
0.847922
0.844988
0.856084
0.854945
0.836004
0.874582
0.984304
0.989404
0.908248
0.872844
0.852302
0.958454
0.958701
0.910494
0.894322
0.879763
0.872214
0.930173
0.974875
0.971974
0.894644
0.848171
0.873749
0.888494
0.870149
0.966654
0.93056
0.930953
0.942142
0.951434
0.85477
0.881848
0.868013
0.927842
0.956395
0.881633
0.876695
0.872851
0.861013
0.951563
0.950207
0.92059
0.861555
0.850995
0.867035
0.877295
0.870942
0.847693
0.91794
0.903947
0.92992
0.952266
0.969346
0.888564
0.867122
0.898815
0.951191
0.903129
0.865798
0.867109
0.882686
0.899686
0.972551
0.949443
0.913447
0.870656
0.857304
0.879182
0.869434
0.883178
0.886272
0.903409
1.07887
0.982524
0.988559
0.980094
0.939714
0.913819
0.925522
0.940616
0.908583
0.923368
0.811489
0.891745
0.902199
0.882357
0.821643
0.830443
0.85141
0.815972
0.902955
0.901762
0.88833
0.954498
0.924313
0.959443
0.942691
0.991155
1.07838
1.01185
1.00796
0.978643
0.978753
1.46575
1.55369
1.03789
1.0214
1.01202
1.05379
1.00972
1.00147
0.990681
1.01583
0.981232
0.962804
0.906863
0.910811
0.938449
0.910712
1.04293
1.32927
1.29836
1.26399
1.27733
1.29506
1.0679
0.996222
0.982837
1.02358
0.987928
0.966267
1.0005
0.987019
0.989982
1.0197
1.00694
1.01292
1.01055
1.00732
1.00195
1.02118
1.02098
1.01357
1.02322
1.01824
1.03036
1.01922
2.67889
2.55988
2.14841
1.96131
1.98732
1.97251
1.94701
1.22969
0.968989
0.946223
0.923844
0.875243
0.897049
0.878042
0.88703
0.905177
0.957704
0.939621
0.927869
0.957823
0.944988
1.04391
0.946342
0.925026
1.02852
0.992625
0.966352
0.967558
0.952883
0.957981
0.965641
0.93558
0.961306
0.971203
0.944921
0.963275
0.988576
0.925987
0.892612
0.864576
0.890794
0.909153
0.857932
0.904376
0.885388
0.889222
0.920961
0.853912
0.894567
0.922791
0.85829
0.892393
0.890092
0.887324
0.906996
0.934185
0.875852
0.833601
0.846517
0.87151
0.927878
0.895477
0.906337
0.937731
0.939613
0.943019
0.866487
0.849402
0.928989
0.911654
0.812635
0.828316
0.828327
0.830292
0.929376
0.907328
0.849219
0.862359
0.928162
0.984179
0.867785
0.851363
0.950395
0.937154
0.88373
0.926487
0.979977
0.949459
0.939962
0.948423
0.937766
0.982701
0.948893
0.969398
0.964526
0.981796
0.997053
0.953633
0.947818
0.95433
0.96038
0.950942
0.954163
0.940411
0.953146
0.944987
0.942068
0.950603
0.929856
0.957047
0.961273
0.956095
0.911398
0.893784
0.876385
0.880707
0.941837
0.932568
0.93757
0.943067
0.946158
0.949151
0.867219
0.878289
0.9423
0.946437
0.932248
0.94582
0.945439
0.953054
0.960249
0.985339
0.954345
0.952793
0.953705
0.875619
0.893405
0.857889
0.962693
0.949027
0.963312
0.918098
0.871271
0.868068
0.872347
0.856058
0.940478
0.95627
0.874786
0.971844
0.944716
0.954801
0.941114
0.965743
0.931474
0.969852
0.906975
0.849199
0.885049
0.899385
0.971786
0.939812
0.957262
1.27424
3.01275
2.7487
2.34004
2.30996
2.27729
1.38532
1.32842
1.61447
1.69665
1.69285
1.6829
1.69348
1.68471
0.988907
0.971073
0.939981
1.01955
0.959256
0.958047
1.01102
0.910514
0.980352
0.875844
0.903294
1.3032
2.59151
2.52237
2.49662
1.62977
1.36828
1.39311
1.34476
1.3347
1.36686
1.36852
1.14782
0.941836
0.953819
0.947117
0.952702
0.956602
0.950645
0.95092
0.945444
0.978883
0.948586
0.948837
1.01936
0.964113
0.961444
0.997334
0.949739
1.00773
0.960198
0.966643
0.958962
0.870331
0.959802
1.02727
0.981777
0.956251
0.94744
0.933668
0.984901
1.00587
0.986112
1.01056
0.995227
1.0394
0.993109
1.05717
1.01726
1.05274
0.988065
0.987316
0.975741
0.943984
0.964031
0.981909
1.00082
1.07446
0.955032
0.939885
1.28123
2.59429
2.71979
2.54738
2.43891
2.53239
1.39775
1.21439
1.18892
1.18303
1.15599
1.18485
1.19229
1.1399
1.10411
0.991739
2.72055
2.58199
2.51315
1.57776
1.45642
1.44186
1.46436
1.43366
1.4475
1.45154
1.02911
0.99033
1.03344
0.992787
2.66468
2.56828
1.82441
1.42915
1.43168
1.41406
1.44182
1.46791
1.42737
1.12864
0.952746
0.987599
2.67678
2.48127
2.37908
1.61686
1.61588
1.61839
1.61144
1.58092
1.5793
1.01618
0.957947
1.00137
0.980738
0.989866
0.94799
0.958781
0.947658
0.988487
0.956676
0.953289
0.957239
0.989925
0.995859
0.994843
0.98345
1.01163
1.00931
0.96476
0.944592
0.948717
0.930621
1.01931
0.990079
0.994356
0.994569
0.99054
0.983587
1.05138
0.971431
0.966586
0.954667
0.966914
0.94767
0.948028
0.953589
0.956254
0.955574
0.973868
1.01637
0.958223
0.955279
0.928998
1.80715
2.52471
2.51615
1.9136
1.53119
1.50183
1.45032
1.50628
1.44469
1.5248
1.03637
0.968691
0.991453
0.97341
0.934838
0.907077
0.926808
0.90055
0.948111
1.29145
0.966422
0.928792
0.942891
0.947944
0.923127
0.940574
0.932949
0.93799
0.942324
0.917845
0.950532
0.9389
0.951512
0.950165
0.981761
0.974046
0.986174
1.0043
0.985731
1.02011
0.975511
0.944316
1.05594
0.985638
1.00873
0.953794
0.959957
0.939974
0.999741
0.96157
0.963228
0.948963
0.966638
0.967851
0.977213
0.974019
0.975962
0.950425
0.975827
0.976375
0.969791
0.960486
0.983303
1.02514
0.986701
1.00246
1.04188
0.986243
0.980348
1.00885
0.975224
0.982779
0.942456
1.00122
0.983944
0.971963
0.981071
0.98722
0.964528
1.05536
0.957886
0.956075
0.962317
0.961735
0.984627
1.02779
0.988829
1.08255
0.997152
1.00324
0.996875
0.95716
0.960587
1.03444
0.987785
0.930963
1.00037
0.962067
0.947426
0.941601
0.924961
0.941857
0.945446
0.952037
0.962452
0.931055
0.969158
0.944
0.945014
0.993687
0.979176
0.923369
0.935058
0.922773
0.959193
0.923245
0.917003
0.921649
0.929683
0.919572
0.918523
0.977927
0.950793
0.951513
0.952356
0.929979
0.912646
0.893825
0.942722
0.935367
0.937339
0.94893
0.918051
0.893803
0.891651
0.992924
0.956149
0.960921
0.978305
0.937964
0.955636
0.936132
0.904374
0.93463
0.958483
0.951886
0.984433
0.967006
0.974575
1.001
0.981418
0.987773
0.95985
0.959951
0.981315
0.977078
0.98937
0.999186
0.959679
0.972243
0.981244
0.97536
0.978798
0.998935
0.976169
0.986601
1.03572
1.0035
1.00801
0.987818
0.989598
1.02817
0.99478
0.984789
0.979971
0.985388
0.987497
0.96839
0.976782
1.01125
0.99545
0.979293
0.998871
0.986894
0.980496
0.983373
0.981134
1.01236
0.992471
0.98779
0.985628
0.967672
0.991974
0.98454
0.984082
0.979518
0.982483
1.88522
2.55601
2.53136
2.43428
1.59006
1.28176
3.08287
1.35302
1.32097
1.3073
1.14819
1.04332
1.01853
1.02083
1.00827
1.05131
1.06778
1.04618
1.04806
1.05186
1.04666
1.05225
1.04683
1.01423
1.11563
1.02284
1.02632
1.06034
1.00674
1.03239
1.03418
2.38711
2.54864
2.55658
1.49572
1.40742
1.97371
1.90608
1.96199
1.89785
1.693
1.0109
1.00641
1.02805
1.00376
1.0074
1.03723
1.01096
0.994366
1.01958
0.990671
0.969189
1.00912
0.988846
0.968117
0.985017
0.973109
0.965533
0.961337
1.02831
0.990202
0.993456
0.99413
2.43183
2.27936
2.31642
1.4981
1.34443
1.38656
1.36459
1.34998
1.35034
1.33114
1.19552
0.995823
0.972109
1.00398
1.00445
0.979165
0.986711
1.00751
1.01222
1.02586
0.976883
0.970012
0.989073
0.981004
0.959278
0.989139
1.00726
0.986339
0.97877
0.98365
4.33086
1.00175
0.990053
0.997507
0.982114
0.965316
0.979871
0.980246
0.979674
0.981936
0.963343
0.987102
0.978098
0.970834
1.00164
0.97695
0.994169
0.969649
0.983628
0.97533
0.986323
0.973799
0.980065
0.991788
0.970158
1.00783
0.98521
0.951047
1.21214
2.2971
2.35516
2.2971
2.09753
1.18472
1.19182
1.17426
1.17308
1.20947
1.17812
1.17407
1.1873
1.11475
0.962687
0.984618
0.984639
1.0064
0.998748
0.974918
0.99607
0.996542
0.962906
0.98085
1.02507
1.02116
0.980492
1.00958
0.976041
0.980476
0.977457
0.98979
0.983176
0.964233
0.985069
0.968929
0.994028
1.01923
1.00645
1.0322
1.00446
0.998896
0.986156
0.977114
0.979414
0.97483
0.977782
0.976002
1.00658
0.954566
0.977356
0.968441
0.970132
0.976067
0.995291
0.995352
0.979875
0.987252
1.01201
1.00984
0.963571
0.949359
0.991234
0.960156
1.00003
1.00048
0.970194
0.980924
3.16775
1.01322
0.9795
0.989926
0.997525
0.992351
1.01828
0.995228
1.0295
0.9821
0.971257
0.977901
0.982257
0.985183
0.992841
0.99948
1.0372
0.968391
0.970813
0.993576
0.976003
0.986883
0.989618
0.971631
0.997337
0.958258
0.994151
1.24299
1.27805
1.2646
1.26341
1.23951
1.29978
1.24455
1.25274
1.25996
1.28287
1.28338
1.25893
1.28883
1.68193
2.56659
1.30585
1.2787
1.25786
1.25914
1.2045
1.01007
0.992845
1.70169
2.28103
2.29795
1.95451
1.37248
1.38708
1.3456
1.38533
1.35214
1.37083
1.25246
1.01991
0.97355
0.979388
1.0013
0.985424
0.992055
1.01715
1.00908
0.995503
1.17684
1.22704
1.00663
0.970321
0.979133
0.964525
0.979935
0.987171
1.00847
0.986749
0.987766
0.991197
0.980873
0.911103
0.941112
0.960747
0.938903
0.916178
0.950583
0.924092
3.21165
0.95091
0.957778
0.949637
0.96476
0.960483
0.973242
0.960846
0.996187
1.01774
1.91886
0.984111
0.992201
0.935046
0.94997
0.934261
0.94193
0.959805
0.944278
0.983866
1.26268
2.43385
2.42976
2.41562
1.77908
1.4528
1.43939
1.44988
1.45512
1.47582
1.48355
1.06521
0.95654
0.982489
0.977613
0.91084
0.949799
0.915292
0.912656
0.936743
0.945817
0.950129
1.03456
0.981426
1.02299
0.9516
0.96124
0.934928
0.968136
0.955592
0.95612
0.965361
1.00273
1.01267
0.970198
0.976212
0.971802
0.969204
0.950304
0.929001
1.02285
1.01587
1.0514
1.02163
1.01035
1.88442
2.51691
2.46775
1.95303
1.95025
1.96613
1.99445
1.94824
1.03506
0.951131
0.965531
1.23365
1.22792
1.23582
1.25941
1.22433
1.21169
1.08138
1.00871
1.09754
0.979699
0.953045
0.957281
0.958649
0.940341
0.964958
0.947754
0.952477
0.977379
0.958775
0.931912
0.942692
0.951013
2.11409
0.9941
1.00099
0.963869
0.984374
0.975877
1.03132
0.934276
0.934382
0.968326
0.997613
0.996751
1.00072
0.984225
1.02082
0.985368
0.9829
0.973259
0.939173
0.938932
0.982327
0.927791
0.966381
0.952901
0.95448
0.941476
0.963342
0.945163
0.956592
0.972948
0.954755
0.940539
0.957289
0.991114
0.980042
1.02152
1.00308
0.984506
0.990426
1.01878
0.956663
0.972818
0.988587
0.983726
0.984506
0.986557
0.979524
1.02392
0.981796
0.963746
1.00599
0.993489
0.941033
0.96338
0.957782
0.95005
0.999695
0.966031
0.962116
0.941443
0.93019
0.98798
0.948693
0.955476
0.947237
0.994215
0.993483
1.01235
0.979641
0.981635
0.981117
0.97602
0.982722
1.00213
0.983556
0.973447
0.978087
0.966242
0.980312
0.981828
0.989744
0.985453
1.03442
1.00204
1.0219
1.02265
0.970517
0.950976
0.988909
1.00191
0.95536
0.945812
0.960094
0.945603
0.93494
0.957848
0.931711
1.00816
0.991088
0.966142
0.993626
0.996601
0.974688
1.07533
1.02988
1.066
0.992229
0.979158
0.969412
0.963546
0.980034
1.00455
0.963721
0.938409
0.974414
0.989394
0.945941
0.996586
0.993025
0.965373
0.959426
0.976638
0.951828
0.952682
0.953926
0.961803
1.00881
1.01539
0.978734
0.975733
0.957721
1.00042
0.987867
0.975099
1.03511
1.00171
1.02431
0.989537
0.979965
0.956561
1.00684
0.971621
0.978804
0.956126
0.966355
0.994655
1.00656
0.984899
0.983377
0.95441
0.984907
0.942859
0.970679
0.96029
0.971513
0.981298
0.986045
1.00688
1.02962
1.03072
1.00572
1.06516
1.04862
1.03177
1.06466
1.00173
0.959771
0.969123
0.961796
0.953633
0.960876
0.961548
0.950939
0.91698
0.915042
0.963395
0.932948
0.910491
0.967488
0.940233
0.946481
0.944619
0.962579
0.916495
0.9362
0.966513
0.938367
0.955432
0.948419
0.963931
0.913074
0.934996
0.959592
0.990383
0.938899
0.936012
0.947821
0.948423
0.952088
0.956588
0.918001
0.898922
0.928005
0.897475
0.904214
0.921736
0.904489
0.916336
0.915982
0.926219
0.945057
0.936538
0.915676
0.9123
0.901589
0.912631
0.956497
0.961099
0.962147
0.949759
0.962856
0.932628
0.944777
0.928111
0.944324
0.891552
0.915822
0.995774
0.937934
0.951855
0.937486
0.953302
0.930536
0.934799
0.94033
0.944335
0.922454
0.910549
0.9546
0.936669
0.944206
0.952561
0.938591
0.937918
0.955051
0.921098
0.926257
0.963494
0.947374
0.936291
0.942676
0.959569
0.953666
0.959481
0.925837
0.972458
0.949619
0.92067
0.965828
0.982036
0.951965
2.39003
2.50102
2.39683
2.48439
1.64513
1.18259
1.15994
1.12167
1.18199
1.12756
1.13595
1.17195
1.10223
0.995389
0.948914
0.926094
0.924131
0.937925
0.95208
0.968637
0.955697
0.973449
0.953161
0.94827
0.979057
0.948042
0.949562
2.35207
2.24999
2.15874
1.73079
1.6845
1.68181
1.67832
1.62572
1.55747
0.946631
0.923827
0.989705
0.94655
0.956944
0.943775
0.939316
0.969596
0.938499
0.930165
0.949826
0.950979
0.940379
0.927943
0.936028
0.941984
0.947145
0.959637
0.945583
0.94487
0.961337
0.959943
0.947293
0.96601
0.956811
0.942965
0.944221
0.942423
0.961161
0.964338
0.942714
0.94448
0.94996
0.958485
0.963815
0.953643
0.960623
0.952011
0.945432
0.981098
0.928589
0.956976
0.964383
0.916049
0.940674
0.935419
0.934386
0.896074
0.951105
0.961066
0.992317
0.936628
0.957659
0.94547
0.953696
0.934179
0.922524
0.904955
0.903671
0.915155
0.948494
0.91111
0.93496
0.923066
0.917445
0.958685
0.945458
0.951614
0.975977
0.946766
0.954139
0.937006
0.958977
0.955979
0.965273
0.970474
0.935208
0.907186
0.946397
0.93106
0.930661
0.949762
0.96391
0.901908
0.888469
0.951711
0.935191
0.962228
0.901833
0.909313
0.916446
0.904481
0.95723
0.979158
0.943218
0.94669
0.922949
0.90769
0.921691
0.905444
0.913406
0.94758
0.94485
0.94572
0.943569
0.922527
0.950542
0.924752
0.906805
0.968022
0.97471
0.940732
0.963571
0.932496
0.943422
0.973984
0.951868
0.959423
0.954677
0.952269
0.968384
0.958969
0.944796
0.968961
0.946668
0.939579
0.929837
0.95079
0.954249
0.930655
0.959328
0.953911
0.962459
0.942248
0.955463
0.940953
2.62082
2.49373
2.42598
2.43816
2.09498
0.983456
1.06478
1.25975
1.73819
1.68354
1.65522
1.48646
1.23905
1.25986
1.26491
1.30414
1.25814
1.22162
1.51819
1.24284
1.24282
1.25683
1.23059
1.2473
1.27064
1.27613
1.24822
1.26434
1.26123
1.27738
1.22063
1.2096
1.2377
1.20181
1.22022
1.22537
1.22087
1.23312
1.24394
1.22255
1.25077
1.23008
1.23392
1.26064
1.19906
1.22039
1.26215
1.25375
1.22961
1.24909
1.23928
1.25276
1.24013
1.2636
1.27282
0.984724
1.07566
0.955578
0.997111
0.936973
1.00578
1.27866
1.29533
1.35932
1.29109
1.30462
1.26803
1.21835
1.20273
1.19233
1.25788
1.23443
1.22211
1.21237
1.20433
1.19751
1.22815
1.28348
1.30109
1.30848
1.23656
1.21355
1.23312
1.2206
1.18683
1.20485
1.26648
1.28114
1.25971
1.25768
1.27671
1.25474
1.25001
1.2714
1.34579
1.30526
1.27471
1.23357
1.26465
1.25487
1.28175
1.28362
1.28891
1.26651
1.23136
1.21871
1.22009
1.24757
1.29129
0.992738
1.0271
0.95242
0.935222
0.983038
0.997797
0.977677
1.25302
1.02401
0.96426
0.965467
0.96017
0.95986
0.9563
0.940616
0.960491
1.00799
1.04503
0.999699
1.03348
1.0443
1.01679
0.968118
0.947828
0.961763
0.954975
0.951829
0.92972
0.959045
0.974087
0.925215
0.955095
0.938374
0.98875
0.976825
1.0052
0.981527
0.995588
0.961461
0.970373
0.91664
0.907379
0.904488
0.94805
1.01257
1.01552
0.935897
0.990407
0.997964
1.02644
0.951462
0.992894
0.931877
0.971019
0.929733
0.908798
0.920919
0.967827
0.905838
0.917251
0.922876
0.928301
0.944927
0.940488
0.934677
0.947986
1.02856
0.955988
0.993908
0.979851
0.972688
0.93227
0.930524
0.953371
0.903445
0.887672
0.748966
0.759353
0.845091
0.873107
0.902071
0.991056
0.969705
0.931005
0.930182
0.86114
0.845451
0.799909
0.805456
0.868903
0.869028
0.880875
0.770289
0.767686
0.860989
