8.45171
5.74959
4.50768
6.34315
3.67619
4.4819
2.47155
3.11635
3.58814
2.7661
2.75497
3.50804
3.65614
2.51393
2.75508
2.76085
3.775
2.79543
2.84814
2.29804
2.28268
2.78393
3.22574
2.83715
2.70787
3.6126
3.16843
3.52815
2.65496
2.40661
43.5093
7.66472
5.21506
4.73509
3.05353
4.64479
4.3263
3.26411
3.44024
2.66705
3.75911
2.58675
2.59781
3.19344
3.90499
3.77767
3.45287
2.93227
3.57175
3.07421
3.02714
4.02298
3.8258
3.07954
3.69261
2.97551
47.4579
7.27702
6.75003
6.50177
4.85131
4.22418
3.44177
3.17209
2.82038
2.86535
3.6125
2.82194
2.87482
2.48102
2.91201
3.23195
2.61252
3.16293
2.68829
3.45763
2.50631
3.42903
2.48374
2.60609
3.93932
3.14101
3.87922
4.30498
2.68209
3.53086
3.46476
3.90846
3.52411
3.8413
3.08913
3.28563
4.52357
3.8892
4.75711
6.47276
2.20142
3.04798
7.87086
6.53105
4.13053
7.54224
5.4974
6.06069
5.32819
3.55974
7.83238
6.98696
4.09344
2.46511
2.38041
64.2358
7.26649
7.95693
6.17365
6.69342
3.57961
3.56054
2.70024
2.81997
3.35066
2.70239
3.00708
3.26037
3.40118
3.29344
2.78583
2.88238
3.31044
2.82533
3.43447
4.82795
3.09178
3.11868
4.47231
2.56158
3.8904
3.23735
2.78192
2.46202
2.76219
3.21976
2.73002
2.9778
4.14663
2.16009
2.0958
25.8344
4.52006
5.45895
5.11196
3.60349
3.61821
3.71986
3.23393
3.50456
3.40849
6.15403
6.51132
5.7882
5.57953
6.47176
6.14722
4.53422
3.19986
3.40697
3.55264
3.22395
3.15836
2.96329
3.41691
2.74408
3.79151
3.0691
2.74986
3.63676
7.63855
6.39705
6.16274
4.63841
3.58174
3.16133
61.4633
8.33455
7.08284
6.18354
6.16955
10.9011
7.5773
7.89466
5.64787
5.78656
3.22574
4.22627
4.224
1.96503
2.88274
2.05038
3.00522
13.1305
6.22397
4.68735
5.13349
3.93773
5.18029
2.58575
2.66474
4.27478
3.0866
3.09991
3.26926
2.9872
3.06693
3.55063
5.07743
5.21047
4.47432
5.16046
6.57279
5.57017
3.83058
2.75841
41.4885
5.77823
6.02772
6.63336
6.12875
5.92597
4.58083
3.82504
4.82241
4.31105
6.59976
8.21341
8.20389
7.46336
4.89511
4.24243
4.82524
3.23723
3.56008
2.70455
2.69886
2.96983
2.90409
2.14139
3.35832
3.06724
4.68163
6.79521
7.69046
8.42899
5.60462
3.68619
3.60533
2.59695
46.6665
6.76256
7.24259
7.49758
6.47115
5.68847
4.69426
5.17174
5.07726
3.47032
4.19602
3.49916
6.13588
6.29574
3.59051
3.39248
3.41491
3.59529
4.09275
3.62812
2.74803
2.88901
2.996
2.95592
2.89138
2.21566
2.53302
1.71285
3.03141
4.26135
5.14615
3.10639
2.7519
4.46422
4.52578
3.99475
3.19906
3.40763
2.44516
2.66074
3.24371
4.63876
9.00292
4.27094
3.79087
3.28471
2.59276
5.54509
5.42597
5.40125
6.27311
4.43699
3.55058
4.99285
4.44031
3.62487
2.77518
2.86189
3.73873
3.11359
3.04261
3.40995
2.82434
2.8225
3.36226
3.4786
4.58405
3.80321
5.0176
2.77661
2.66175
3.20655
3.91533
3.33995
5.17431
3.86983
4.56027
3.87869
6.24951
8.14587
7.10982
8.33309
6.03686
5.58887
4.21294
67.954
9.82475
7.60062
5.35639
3.56887
3.18833
2.77891
3.24643
2.68219
3.77234
4.01198
3.15523
2.7323
2.45477
5.2019
3.30761
3.53657
2.35153
3.60004
3.51197
3.17779
2.56855
5.7072
5.17642
8.71539
7.353
5.14192
132.546
6.69334
6.53164
6.28805
8.13672
5.42379
7.8843
8.61959
6.27691
8.40049
6.42962
5.81422
7.07514
7.5557
7.35283
8.36608
6.50656
4.3566
3.26987
94.0684
4.95132
6.20466
6.94207
7.44646
7.30485
6.02618
5.52599
3.98585
2.77607
2.82517
3.04248
3.8004
2.88131
2.65908
3.01319
2.89385
2.95304
3.47156
8.62153
7.12046
6.46822
5.88595
5.06108
7.0324
4.60345
46.5959
7.09927
5.71372
6.41237
6.05618
4.5577
4.23328
3.42327
3.00573
4.17656
4.31398
2.84036
3.47897
5.32279
3.10883
2.89073
2.63868
3.51504
2.48664
2.20782
2.67642
3.5148
3.38163
3.48276
2.00593
2.1429
2.07445
329.795
8.72959
7.57899
5.26075
5.75869
9.44067
8.37263
5.19149
5.55454
3.65218
3.78748
4.33169
4.18443
2.7846
2.63575
2.22655
83.5957
8.10647
6.67275
3.63471
4.40437
4.46716
4.51423
5.29075
3.27959
3.18792
2.69588
2.47486
3.56214
2.76895
2.63234
3.01622
4.22714
3.04128
2.95662
3.07263
3.23223
2.7097
2.96962
7.04872
3.90095
6.04624
3337.07
10.444
7.77976
5.52791
4.81643
8.96798
7.8843
7.93455
7.24495
7.97425
6.58419
7.25308
6.07328
3.93941
4.37031
3.65647
3.54709
5.03745
3.9288
4.13884
5.77857
4.89853
3.79091
5.45671
3.23195
3.73649
3.48855
5.18722
7.02138
7.24163
7.45812
3.75249
2.70484
3.16471
3.20519
3.20725
3.10261
2.89622
3.53089
3.61906
2.2282
2.78793
3.27906
3.24464
2.62007
2.7785
3.56536
3.84817
2.84834
3.7439
5.97635
6.0892
6.26673
7.18177
5.92967
5.41931
6.33101
5.03894
4.2619
7.81939
7.11088
5.23167
8.5178
5.7737
3.29224
3.94299
3.0133
3.52096
3.44651
5.00506
4.20926
3.11741
2.76462
2.74166
3.90254
2.8754
3.5932
3.10063
3.40213
5.43032
4.55459
5.75045
6.20077
5.41244
5.25598
4.65416
4.29121
40.6394
7.3074
6.78277
5.8713
3.545
4.45395
3.75191
4.94325
4.49541
4.19958
4.07331
4.524
6.67442
6.02336
5.88396
6.25542
4.51994
4.95773
4.69536
3.16164
6.0959
5.97213
4.01051
2.89519
2.10862
2.37133
4.01068
2.87727
4.75985
5.76919
8.35142
6.47358
4.46895
4.87501
4.16259
3.58151
4.98296
8.99166
5.57153
3.56058
3.45863
2.65503
2.8911
2.63215
3.00412
3.03337
2.19295
3.56416
3.1235
2.82118
2.34216
3.02397
3.8862
3.33417
2.77378
2.86111
2.51324
2.79976
3.37014
2.64727
3.26224
3.52536
2.44297
3.08498
3.66899
4.09439
3.03094
3.22191
2.9955
2.47239
2.37435
4.66366
2.66009
4.02889
2.73375
2.98078
2.3386
3.82556
3.46442
2.47634
3.22323
2.42223
3.44838
2.91127
2.50197
3.2575
2.5135
2.87842
3.4911
3.81371
1.90989
2.28385
38.6484
6.85448
5.66286
6.46737
7.29241
4.04196
4.47231
3.39095
3.40397
3.74957
4.29979
3.68593
3.03811
4.59624
3.9431
3.86907
3.4779
3.51833
5.07899
6.24292
5.56053
4.52947
6.9393
9.69019
6.95061
60.1289
7.48276
6.97445
6.31261
6.63229
4.06541
5.41813
5.93815
5.11464
3.79675
5.14739
7.17777
6.81897
5.36855
4.26042
5.68756
4.67737
3.67074
2.99874
61.5337
6.45315
7.42375
6.63202
5.4984
5.70712
7.25798
5.96394
5.37961
4.07198
4.50667
3.55294
7.9912
4.44845
5.75709
7.29174
5.16172
5.27473
3.59809
3.307
1.76832
2.73021
2.93441
2.5488
3.71549
6.04497
6.54689
7.11039
6.60822
4.18853
3.87188
3.76131
3.07217
4.8921
7.98317
6.08699
5.55167
4.10641
6.43245
5.16174
6.02832
5.88692
4.26775
3.51249
4.60551
4.17727
2.84315
2.83547
2.84801
3.92073
7.61056
5.35593
5.94895
30.4436
7.39931
4.76701
4.36882
3.46565
9.42047
8.61939
8.50783
5.46621
4.96588
5.32833
5.01853
3.23202
3.28009
2.66945
4.80858
3.82929
4.81618
4.79816
5.57077
4.46912
7.36457
4.83195
3.09317
3.44853
2.36698
4.52393
6.68769
6.56553
6.54388
8.18837
6.73947
6.21094
6.56041
7.56557
5.50689
6.70123
9.87351
7.40657
4.60772
6.27268
6.73978
6.26131
6.84925
2.64082
5.68981
9.69782
4.47409
6.33686
4.02897
4.03395
3.80383
3.05178
3.11603
3.25739
3.34065
3.7832
2.80661
2.52877
3.28263
3.48552
3.0763
4.05623
3.01756
3.85472
3.44901
3.32895
2.92537
2.90831
3.80777
3.38505
4.71417
8.51635
5.88685
6.0539
3.59825
4.81812
5.14775
3.54451
2.8892
3.1923
3.98358
3.013
4.09279
4.37989
7.6724
7.3001
4.79258
4.11318
3.80178
3.09083
3.59674
2.81502
2.92606
6.03994
6.96272
5.10031
4.03558
6.30376
6.40688
4.96424
6.38671
6.12264
4.62457
4.39336
3.94774
32.229
9.13618
6.83088
8.94059
7.3194
5.31012
5.27561
3.74858
5.38143
5.68242
2.30181
3.48711
3.18923
7.59528
5.81342
4.32103
4.59755
5.10347
3.87137
3.1879
7.2665
5.88919
5.90646
6.69069
4.83514
4.04784
3.12821
3.58915
3.13368
3.85679
4.69888
4.12136
3.79326
4.39946
2.86375
2.74709
2.77844
3.45058
3.99778
2.84638
3.13602
3.45908
2.7826
6.36154
6.21664
7.42467
7.78303
6.3379
7.96446
5.35828
4.32706
4.20598
4.65461
4.70806
3.19239
4.24619
2.35875
2.77427
3.01818
3.8402
2.66566
4.41144
9.22636
5.63683
49.043
7.50252
6.52517
7.5601
5.87002
4.23812
3.01978
3.21172
2.48709
4.50422
7.77495
5.59832
4.4666
4.6264
4.31397
3.07526
3.91316
3.51408
3.00773
2.84859
2.81821
2.51647
2.30281
2.53146
2.39662
3.52662
2.32539
3.35606
2.7801
2.80988
2.82638
3.41543
3.30377
3.06011
5.06358
4.28439
5.14081
3.90591
2.72842
7.30433
6.63894
5.2621
4.28057
4.09796
2.74247
3.20513
3.09118
2.25517
3.61321
2.442
2.65456
42.7172
6.28472
8.16337
6.3626
7.08096
7.4771
5.59158
4.83858
5.36069
3.8731
3.10276
2.42176
3.49514
2.94619
3.89356
2.34303
2.86091
3.40658
2.50831
2.89573
3.34883
3.66887
3.7639
2.74076
3.04771
2.90055
3.00499
3.63776
277.047
6.77457
7.91592
5.69194
7.27718
6.9157
6.619
8.28535
3.97597
4.33141
5.02209
3.85548
5.57511
3.41119
3.62748
5.77938
5.49213
7.85693
6.84547
49.2044
8.30293
8.63962
5.81901
6.32315
8.76809
7.80156
7.86848
7.48548
5.57647
7.54046
4.91844
7.40235
6.26883
8.38617
7.36051
6.71414
5.12051
5.17785
4.21596
3.87778
2.55977
2.39107
2.80046
3.26314
3.11714
4.53038
4.31569
4.14738
2.99126
2.58532
2.3763
3.50442
2.66082
3.00239
2.05619
1.85478
2.74589
2.36977
2.57332
3.4548
2.22044
2.70993
3.25246
2.89803
3.51209
3.17618
3.16964
3.3769
2.51791
6.5398
6.88755
6.24641
6.54431
3.87447
36.7801
7.90133
6.31297
5.51674
4.27095
3.6514
3.77553
3.44917
4.50179
4.24143
3.73765
5.73666
4.1556
4.16709
3.82972
4.20363
3.696
2.2603
40.5293
7.47411
8.05954
7.16751
7.95965
7.54294
7.14535
5.05523
4.47685
5.4231
4.21801
3.36767
3.48508
4.22748
4.06231
2.86889
2.81155
3.15725
3.13794
3.93929
4.77124
7.28104
3.69837
3.17124
3.70648
8.53155
5.94582
3.25595
4.42225
6.15623
4.496
5.0156
4.01314
4.18679
4.06504
3.87648
68.8492
7.56492
3.9159
3.65413
3.33549
3.56054
3.73775
4.42948
5.70556
2.7186
2.36639
3.30104
3.71523
4.22019
3.90382
2.92328
3.30893
3.00256
3.91466
3.23319
2.9632
3.35757
3.28516
2.84098
3.63351
4.07927
4.12161
4.51318
3.741
2.86765
6.68026
7.95855
4.48126
5.54276
5.27587
4.79447
4.49037
3.36421
2.83911
3.30538
2.33009
3.59822
4.19748
5.77252
2.3112
6.29686
5.59211
5.10396
4.30204
3.62791
4.56561
4.2858
6.33005
5.31116
3.54056
3.66378
49.4777
5.49696
6.76018
4.78951
4.6501
3.69857
3.45548
3.01304
3.91379
2.95078
3.68075
3.36479
3.28899
4.9221
6.87756
8.77393
4.16996
2274.19
3.864
5.17577
8.77156
6.77414
4.51021
7.66503
6.51846
6.52376
4.97311
3.03563
3.24696
3.2189
2.78594
2.43413
2.66175
3.62511
2.81614
2.75319
3.30305
3.66688
3.10606
2.97674
2.68675
3.55491
3.76835
3.17417
3.12727
2.42522
1.93513
47.9742
9.00682
9.51568
7.76683
6.10793
5.28834
4.70774
3.83525
5.72759
3.32444
3.59776
3.67696
3.49004
3.14714
4.34926
3.56782
6.45204
5.30542
6.87854
4.8856
4.4718
3.54819
2.77962
5.0707
4.8665
6.82715
61.1903
5.56158
6.46373
5.72172
5.35381
5.21983
4.65444
4.31933
5.06453
8.25003
6.26172
4.98763
5.02048
5.07332
7.90865
7.79051
6.12127
5.04218
4.53174
3.7127
3.44063
3.55188
2.69884
2.93475
3.66599
2.79843
3.79956
6.65723
6.07114
2.23477
2.95187
2.33658
4.10062
3.2884
4.28623
3.0611
2.53645
4.41298
4.15552
3.63827
2.56854
4.16611
3.45557
4.96856
8.85063
6.27674
7.07099
8.2498
6.29452
4.0266
5.82619
4.41136
5.62589
3.2503
4.02549
4.15914
2.98095
3.57746
6.82724
4.28071
3.66032
4.97687
5.71118
7.57092
6.89053
3.52501
3.28106
2.92477
4.25693
6.21277
4.60538
3.30011
2.89617
2.93434
2.98265
3.03023
2.83046
3.07412
3.94739
3.35785
3.27918
4.37653
8.23642
6.07769
6.15915
5.50237
3.25753
2.44057
62.408
9.24795
9.52062
10.1165
7.72764
7.66902
5.63448
8.53317
8.33773
5.43667
7.84062
6.78081
4.54055
5.10837
3.26573
4.11368
6.10384
4.29481
4.56798
4.47855
4.49784
2.89761
3.07995
3.05883
3.07073
2.19651
7.1423
7.13415
6.5835
6.61885
5.14049
6.12088
6.02266
5.13872
4.66611
85.9015
6.76657
5.33625
4.46339
5.86242
6.24196
5.07885
4.31971
4.08706
4.03691
5.74144
8.83391
7.61722
5.32347
3.16336
174.295
8.75359
8.2747
16.2619
3.67178
2.81142
6.26722
5.01734
5.83021
4.56203
5.57633
5.09853
6.86907
8.0264
5.32532
4.144
4.97331
6.82506
5.73655
9.0874
6.37469
5.31624
4.97613
7.96304
6.61998
5.06181
7.24287
6.59572
6.86015
4.72628
3.60757
4.99817
4.10221
4.44004
4.2159
3.17459
3.27008
3.89387
2.47302
3.53739
3.13407
3.64604
2.74934
2.40504
4.87334
4.34732
3.94994
3.75412
2.99782
2.45468
45.8603
6.74585
5.3058
5.9645
4.33557
4.72628
3.59064
2.70972
3.87592
3.15207
2.26125
2.96987
2.9959
3.67175
4.89729
6.64966
4.09559
4.05157
5.40152
3.96068
2.68004
2.81794
230.643
8.81354
7.42419
6.08427
4.93844
7.99422
5.9257
5.87824
5.54364
4.16442
4.0198
2.44023
2.96951
2.67396
4.80865
8.64725
5.28709
5.09625
7.71809
6.74563
4.64868
6.02429
3.91848
3.97784
3.33808
2.89057
5.13177
3.66566
5.42495
41.7564
7.67662
8.65214
6.72844
5.36751
3.59218
4.12142
3.36761
3.68266
3.23978
3.04409
3.88177
6.93615
7.27736
5.26119
6.47468
5.59694
6.9448
7.45713
5.19552
6.08721
5.40226
6.31695
7.4267
6.49277
6.45324
4.52612
5.57383
5.16349
6.01257
4.43366
2.97784
4.0401
2.9766
2.65647
2.22683
3.9015
7.05015
5.35356
4.60966
4.95843
3.38613
3.63433
4.09319
3.61832
2.59701
2.03624
81.3034
6.52151
6.76316
5.48617
3.89001
5.1561
4.00532
3.60968
3.96821
6.62706
5.49305
6.5801
7.86334
8.61951
6.31088
214.358
9.66001
6.94332
8.85144
6.86221
5.76161
5.66372
5.81397
4.20641
6.56514
5.66053
3.58589
3.36952
46.3063
8.74019
5.17548
5.95935
5.60227
3.95853
3.65053
5.1389
7.74584
7.79659
6.53951
4.89582
4.67819
4.25754
5.54842
365.773
8.2898
7.14596
5.02496
5.55445
6.07444
3.96983
3.47021
3.1141
2.9745
2.60136
3.5355
3.06219
3.35897
3.54392
7.09092
6.74964
205.351
5.84705
8.15963
6.6994
6.98471
4.09143
3.88035
3.6466
6.12502
6.37305
3.31797
3.30363
6.77685
9.94843
5.72089
6.9905
3.48398
69.6663
7.14214
7.86192
5.9096
5.10462
6.22094
5.64946
6.3475
9.38202
4.01314
6.19973
4.88459
5.34033
4.36544
5.2386
4.23721
3.2262
3.18035
4.15282
3.30762
3.41214
3.69156
2.74908
2.00626
117.427
6.18778
6.93926
4.77764
4.49407
5.20083
3.88657
4.06869
4.05718
2.6883
2.81114
3.25469
3.35112
2.81423
2.18239
3.01091
3.77298
2.51977
2.80714
7.08148
5.79293
3.78786
3.79434
81.9936
6.15849
7.2657
8.40392
7.87462
3.99771
6.70431
4.81667
3.1244
3.15463
3.39006
3.97251
7.40689
7.01008
5.2993
5.93968
6.31458
4.56633
4.80465
4.7649
4.86494
3.09016
153.856
6.63241
8.71494
5.61573
5.21617
4.6798
4.70233
3.45674
3.38577
3.10839
2.7324
2.83132
2.57964
2.80137
2.87545
6.34351
8.06881
8.83
6.61498
5.25597
3.93597
4.05666
4.77546
3.71826
3.96109
3.17253
2.86527
2.28172
3.09651
3.15882
2.89153
3.1617
2.84495
2.89245
7.5698
76.8106
5.91889
7.48711
4.2393
3.65451
4.71293
7.0313
5.12189
4.43065
4.80668
3.95105
3.91667
3.2928
3.16472
4.38165
13.2637
5.81314
7.8158
6.61908
6.322
4.31915
5.08769
3.98002
4.06495
4.76076
6.64621
8.4026
6.86382
5.54986
4.83228
3.69753
4.19503
3.50522
4.17479
3.34099
4.08035
3.50091
5.75651
6.00373
8.20052
56.9865
6.30217
8.31307
7.1355
8.04063
4.16545
5.56867
5.12466
3.54674
3.37408
3.22038
4.61255
2.89428
3.47994
3.74127
3.50619
3.6846
3.05082
4.68784
6.80756
161.437
5.90025
5.84851
7.28907
4.31253
4.4847
4.12072
8.19952
4.44173
3.02437
2.80658
3.43944
2.89982
3.90677
3.05928
3.67281
3.55214
4.49777
3.31013
4.47647
3.96331
6.93237
91.8727
6.44981
8.97787
6.98551
6.23876
6.60838
5.33488
6.07571
2.60087
4.61834
6.57884
5.2324
7.52934
7.51195
3.20308
2.5509
147.623
7.82763
6.43467
4.44513
4.61947
4.94652
4.82354
3.52194
4.66265
2.99349
2.88365
3.68855
3.06735
2.81849
2.07468
2.76081
3.39466
2.82061
2.32707
3.61068
2.45416
2.81424
3.51473
4.54193
6.00936
4.00767
70.1239
7.7986
4.58168
6.07321
2.59364
3.82786
4.0993
3.22298
2.77633
3.90386
5.12811
4.79605
3.65775
3.72129
4.01456
4.01561
3.65009
3.45705
3.11014
3.23339
3.9041
3.98941
3.26846
3.24135
3.07081
2.82577
3.11603
3.62941
2.36541
4.07582
3.18448
3.88799
5.38523
3.04688
2.9915
41.8475
8.11698
8.33744
5.58728
4.81012
4.49599
4.84452
3.32157
9.70951
6.95749
5.81053
7.17968
3.98509
2.75516
2.80187
219.779
8.89415
6.59616
4.98292
5.98102
7.97672
6.36045
5.86383
4.64148
2.88541
6.15664
8.00562
7.52437
2490.85
6.55077
6.13367
7.44947
5.95543
6.98856
4.27287
3.84168
3.68584
3.86379
3.45585
3.50147
3.11412
7.32689
6.71473
5.1029
4.50915
3.24199
3.57355
3.2575
2.89458
2.33328
3.14958
1.82907
2.52647
2.62831
3.13456
2.55292
2.43742
5.58786
3.97851
3.64064
6.16428
6.39488
4.76133
3.3852
5.1934
4.27595
4.60149
6.70301
7.01194
3.45077
3.99271
60.9405
6.15998
5.30967
5.4568
5.24417
4.95618
3.51854
3.47345
5.48606
4.6459
3.01846
2.04237
1.96826
2.28405
1.84813
2.14136
2.4593
1.76476
2.33711
1.74176
1.92348
6.13984
5.28378
4.42308
3.91019
50.5598
5.53881
5.07043
2.63025
3.03364
2.62987
2.5397
2.06456
1.91417
1.77687
1.97366
4.27257
3.50482
2.67316
