6870.13
2.37318
2.74616
2.65967
2.54008
1.24919
1.09676
1.99573
1.31963
1.32302
1.05724
1.07934
1.75027
0.998304
0.967405
0.979497
1.05759
1.3514
1.00421
1.62813
0.959751
1.70291
1.33023
1.00402
1.30956
1.34161
0.961093
1.17402
1.0038
1.36278
1.19219
1.01352
1.35125
0.987665
1.35642
1.04836
1.36353
1.14379
1.04419
1.02887
0.999591
1.34035
1.27956
1.02691
1.3871
1.0659
0.995447
1.35017
1.32625
1.00603
1.11418
1.6224
1.35631
1.15511
0.998745
1.01253
1.03878
0.983568
1.00223
1.01828
1.00798
1.00673
1.05846
0.984061
1.01004
0.967931
0.974893
0.972768
1.01665
1.93154
2.55356
2.59258
2.55662
2.51428
2.56802
1.2494
1.11315
1.14392
1.12447
1.10733
1.16071
1.13754
1.08011
1.09685
1.89433
2.69899
2.51511
2.48812
1.4811
1.24655
1.2923
1.25972
1.26244
1.27247
1.33949
1.30529
1.03209
1.02751
1.01341
0.964461
0.966355
0.999065
0.974825
0.971661
0.989272
1.07058
1.006
1.01125
1.02146
0.979109
0.98221
0.947648
0.966125
1.00683
1.02398
1.00764
1.01627
0.978959
0.984946
0.976513
0.993443
1.07437
1.04
1.0431
1.02551
0.995497
0.896271
1.01795
1.00028
0.924677
0.827074
0.855085
0.89549
0.957782
0.906989
0.892569
0.970556
0.888447
0.814293
0.791472
0.797959
0.795224
0.860443
0.902524
0.86589
0.911022
0.868409
0.877108
0.946061
0.912316
0.939376
1.00624
0.899651
0.887234
0.927999
0.942223
0.866955
0.953456
0.890818
0.951406
1.01922
0.960056
0.994098
0.93413
0.939502
0.987107
0.894106
0.914058
1.00242
0.921517
0.909289
0.864418
0.92238
0.954255
0.965101
0.973381
0.970155
1.02047
0.988726
0.981117
1.01778
1.00272
0.939182
0.949368
0.938372
0.98166
0.956439
0.997248
0.963792
0.977054
0.961085
0.966882
0.982166
0.780212
0.773488
1.36929
2.65527
2.63906
2.6827
2.46876
2.33562
2.57078
2.73039
2.57572
2.56034
2.17951
1.22902
1.25051
1.30329
1.27314
1.24818
1.28577
1.27218
1.05639
0.8605
0.823824
0.787131
0.763188
0.834309
0.911553
0.884153
0.882724
0.904271
0.885737
0.914374
0.875663
0.891323
0.800709
0.899383
0.942822
0.870146
0.888386
0.87425
0.998145
0.886114
0.930385
0.903021
1.03567
0.814474
0.785041
0.901378
0.885931
0.940917
0.917372
0.942623
0.908598
0.937245
0.945569
0.918128
0.863197
0.799648
0.796288
0.878675
0.917523
0.885417
0.907249
0.900292
0.880886
0.793988
0.803872
0.788168
0.790808
0.795881
0.854965
0.792429
0.862848
0.937895
0.972518
0.958042
0.880009
0.948374
0.952877
0.860181
0.776616
0.80309
0.918278
0.881339
0.908086
0.909835
0.907539
0.992266
0.912659
0.921773
0.97401
0.95638
0.919727
0.947152
0.987325
0.881392
0.892894
0.9249
2.54274
2.54673
2.5654
2.81738
2.24618
2.65725
2.56636
2.64762
1.27454
1.14027
1.15436
1.17976
1.1881
1.15671
1.17661
1.18177
1.03311
1.01237
0.877646
0.827473
0.913289
0.880934
0.888102
0.923244
0.944852
0.950521
0.882932
0.842368
0.981663
0.897633
0.807007
0.7815
0.867877
0.941057
0.954439
0.883548
0.86721
0.935588
0.816555
0.883253
0.831773
0.805251
0.808928
0.865993
0.812769
0.829312
0.813529
0.832894
0.855824
0.822807
0.851358
0.827392
0.852988
0.882961
0.884011
0.918871
0.86537
0.881248
0.947019
1.01025
0.992933
0.822461
0.925237
0.904767
0.792239
0.791563
0.893164
0.927786
0.985581
1.00146
0.959553
0.993785
0.940465
0.986355
0.998097
0.967738
0.895614
0.902827
0.884497
0.86801
0.909855
0.89516
0.892329
0.895196
0.883616
0.862255
0.812318
0.857079
0.887535
0.923119
0.930757
0.976643
0.945233
0.895834
0.874083
0.93448
0.955006
0.903007
0.924713
0.940892
0.979109
0.970331
0.941009
0.955212
0.966481
0.930638
0.887421
0.853637
0.883826
0.864612
0.952379
0.980679
0.935241
0.91896
0.866896
0.902026
0.922078
0.905339
0.917222
0.890708
0.933053
0.959339
0.968217
0.950876
0.920934
0.852635
0.804961
0.91338
0.866451
0.782947
0.790181
0.894221
0.992214
0.94463
0.975868
0.503929
0.958976
0.989901
0.982992
0.93348
0.905977
0.871541
0.874516
0.898823
0.804872
0.908767
0.893712
0.940436
0.879043
0.9216
0.899859
0.88263
0.897327
0.88987
0.988868
0.935281
0.929825
0.941461
0.874915
0.784849
0.908662
0.96558
0.914255
0.829854
0.909768
0.892424
0.882559
0.883009
0.926893
0.926514
0.926213
0.893838
0.858899
0.828405
0.796148
0.842023
0.88889
0.880559
0.802819
0.765838
0.828645
0.895823
0.887522
0.881361
0.877703
0.908973
0.891602
0.968445
0.9719
0.932854
0.922675
0.975705
0.850518
0.801809
0.90239
0.877576
0.917337
0.893742
0.895615
1.00498
0.982862
0.961151
0.872601
0.923887
0.873278
0.844802
0.822342
0.812362
0.884127
0.900868
0.888527
0.903985
0.996554
0.942017
0.963113
0.968412
0.95319
0.980792
0.98394
0.982024
0.946064
0.930016
1.00364
0.974143
0.946304
0.89045
0.921217
0.913902
0.893842
0.773617
0.879036
0.881605
0.901917
0.873949
0.890644
0.885497
0.892555
0.938302
0.949191
0.906618
0.817106
0.900803
0.463342
0.920269
0.898818
0.892617
0.810853
0.881208
0.876559
0.890232
0.875632
0.892865
0.782767
0.86843
0.866466
0.935388
0.94121
0.87614
0.896569
0.897314
0.891527
0.895266
0.758282
0.756089
0.772171
0.759715
0.890272
0.886597
0.820816
0.880208
0.910009
0.858462
0.993142
0.917031
0.883632
0.937624
0.920901
0.891029
0.810305
0.778809
0.781295
0.844487
0.904408
0.884275
0.780043
0.778084
0.776872
0.900973
0.91212
0.921295
0.965022
1.05703
0.961654
0.921558
0.916096
0.993301
0.915042
0.861249
0.871021
0.946318
1.01129
0.974465
0.910937
0.901818
0.899032
0.937686
0.898621
0.881483
0.898623
0.869558
0.921597
0.864527
0.875399
0.822699
0.785123
0.793718
0.887942
0.797773
0.91623
0.871698
0.852821
0.916751
0.86717
0.968804
0.973512
0.961705
0.954765
0.936473
0.952013
0.975554
0.870149
0.951864
0.980744
0.972352
0.942215
0.960224
0.893798
0.916362
0.906591
0.841879
0.784572
0.781637
0.845089
0.784046
0.834972
0.786445
0.851401
0.892219
0.757478
0.875088
0.85531
0.837012
0.900381
0.870671
0.905376
0.929645
0.916106
0.974892
0.916524
0.861519
0.882122
0.915443
0.888135
0.85962
0.789529
0.873097
0.897434
0.88066
0.887026
0.989815
0.901585
0.886849
0.903389
0.849664
0.844642
0.843314
0.897168
0.900722
0.793532
0.874797
0.719554
0.906302
0.814228
0.907771
0.851208
0.864893
0.916916
0.870595
0.913984
0.870235
0.878058
0.955024
0.873664
0.876609
0.922409
1.04255
0.93413
0.872876
0.90632
0.957497
0.891222
0.890182
0.954476
0.970817
0.94717
0.968067
0.890286
0.932919
0.91634
0.943949
0.975093
0.879136
0.874766
0.890865
0.817237
0.833754
0.884634
0.864649
0.87825
0.962198
0.969642
0.885653
0.988357
0.944643
0.981535
0.991657
0.75161
0.884323
0.965917
0.963916
0.963417
0.984052
0.972471
0.988513
0.992365
0.974699
0.944138
0.967278
0.975531
0.922857
1.00632
1.02542
0.960777
0.894878
0.892903
0.869277
0.904326
0.905542
0.934777
0.866326
0.931702
0.965625
0.921656
0.895039
0.881553
0.957826
0.96418
0.946937
0.885195
0.960565
0.970677
0.89551
0.81378
0.856507
0.895031
0.861105
0.832023
1.00181
0.989931
0.979767
0.899716
0.910348
0.870968
0.851176
0.970052
0.87975
0.785142
0.80612
0.767411
0.903002
0.862927
0.901338
0.899496
0.894878
0.879466
0.8849
0.885346
0.85931
0.922514
0.867357
0.881556
0.903886
0.915065
1.00489
0.958109
0.859653
0.80182
0.887096
0.889435
0.882874
0.944191
0.96862
0.897206
0.877267
0.884839
0.861744
0.990395
1.02506
0.998528
0.926582
0.874717
0.867223
0.894211
0.880277
0.874002
0.96528
0.941405
0.918543
0.906251
0.893251
0.854934
0.877445
0.909558
0.892563
0.819812
0.896833
0.988164
0.879015
0.897698
0.882836
0.913985
0.874996
0.882666
0.881443
0.893088
0.860862
0.775376
0.894421
0.882806
0.882943
0.958488
0.973413
0.950792
0.885147
0.872089
0.867133
0.878807
0.858478
0.872366
0.870135
0.957919
0.929836
0.924532
0.946163
0.888357
0.923734
0.965929
0.890619
0.903802
0.980001
0.954506
0.92137
0.800424
0.779985
0.831708
0.86973
0.886792
0.919724
0.909303
0.896088
0.888429
0.959517
0.950587
0.992075
0.936837
0.908471
0.794367
0.820521
0.866585
0.900629
0.903235
0.890493
0.882434
0.873564
0.888082
0.886619
0.975324
0.961343
0.874941
0.901613
0.889382
1.86543
2.53815
2.48808
2.55955
2.51902
2.155
1.10252
1.0607
1.10262
1.05953
1.10199
1.06882
1.09972
1.06734
2.44805
2.57136
2.55257
2.50572
1.66641
1.15637
1.15944
1.18073
1.14567
1.12789
1.14308
1.1821
1.10817
0.966759
0.980793
0.935681
0.902697
0.881754
0.911092
0.877167
0.900116
0.909547
0.971175
0.915261
0.974037
0.967457
0.981137
0.950933
0.974319
0.967784
0.90752
0.974973
0.993134
0.958721
0.947086
0.907379
0.980617
1.00166
0.978756
0.956892
0.934864
0.871451
0.898921
0.888584
0.875426
0.95708
0.87742
0.911081
0.900466
0.873702
0.890062
0.888186
0.890464
0.895405
0.971841
0.974029
0.843625
0.899466
0.90654
0.878558
0.908431
0.865877
0.91427
0.916069
0.989419
0.954188
0.903898
0.891877
0.90542
0.869097
0.877132
0.872249
0.87222
0.8431
0.774338
0.805625
0.462089
0.89448
0.924669
0.958934
0.966764
0.88578
0.867583
0.791951
0.895421
0.897976
0.875047
0.890762
0.91623
0.977245
0.962028
0.955978
0.87888
0.893833
0.895586
0.89144
0.872624
0.944938
0.961755
0.923427
0.883068
0.857828
0.891518
0.921
0.982662
0.943646
0.894564
0.850992
0.898457
0.873517
0.896765
0.994377
0.965533
0.935714
0.877404
0.859866
0.759358
0.768151
0.892119
0.894713
0.885104
0.85339
0.791128
1.01112
0.975686
0.954139
0.945635
0.949377
0.965851
0.978666
0.957484
0.97709
0.886519
0.876795
0.925117
0.968968
0.990556
0.955509
0.968577
0.953358
0.995954
0.967169
0.974184
0.969648
1.00331
1.00794
0.975751
1.00904
0.976482
0.832805
0.960328
1.00308
0.9743
0.996391
0.963417
0.94457
0.973065
0.949393
0.960611
0.968604
0.963776
0.953666
0.976483
0.886449
0.927332
0.899879
0.907621
0.96503
0.978903
0.918662
0.873458
0.890769
0.871567
0.972828
0.884213
0.933869
1.00144
0.969177
0.987184
1.13986
0.986157
0.870857
0.881548
0.861384
0.877076
0.970588
0.943051
0.900584
0.930419
0.87109
0.932951
0.988506
0.95162
3.40047
0.922023
0.862309
0.914258
0.914726
0.982312
0.872445
0.897671
0.848207
0.949653
0.967191
0.900412
0.971708
0.962449
0.89806
0.882298
0.875058
0.905591
0.884448
0.826486
0.895191
0.870664
0.896429
0.908882
0.891671
0.906542
0.883581
0.866481
0.879742
0.945409
0.911137
1.03725
0.999413
0.969256
0.951478
0.87615
0.920012
0.888726
0.937991
0.882529
0.859284
0.882634
0.885741
0.906817
0.902926
0.969848
0.988942
0.98803
0.800294
0.974337
0.983609
0.944375
0.950185
0.956895
0.963656
0.972243
0.936758
0.926352
0.925391
0.967546
0.886359
0.4833
0.903994
0.856603
0.896576
0.857154
0.730337
0.942855
0.918331
0.845155
0.908166
0.877507
0.867181
0.90128
0.884255
0.920335
0.953239
0.871763
0.97454
0.916266
0.88789
0.831987
0.802609
0.813663
0.796065
0.844228
0.906079
0.886854
0.888243
0.917254
0.93865
0.949124
0.938559
0.878826
0.877246
0.883481
0.864117
0.869491
0.886041
0.839838
0.899092
0.952922
0.885845
0.900057
0.92077
0.882905
0.902056
0.803397
0.832972
0.883852
0.886689
0.882907
0.980746
0.95017
0.929561
0.915684
0.861546
0.90793
0.86037
0.904282
0.936748
0.98242
0.94197
0.968856
0.972935
0.869196
0.987707
0.969081
0.957277
0.956511
0.96045
0.952372
0.98106
0.991067
0.971279
0.903439
0.884967
0.884493
0.874725
0.84098
0.874513
0.953933
0.942678
0.883357
1.01681
0.941763
0.883515
0.884963
0.90586
0.970881
0.88362
0.884333
0.898118
0.889284
1.01892
0.96975
1.00443
0.978748
0.969877
0.976154
0.964002
0.987338
0.963226
0.980452
0.969518
0.961716
0.968539
0.991797
0.938833
0.530161
0.922254
1.04221
0.993844
1.02664
0.873121
0.916008
0.939996
0.985969
0.958164
0.900101
0.848037
0.803464
0.840873
0.89638
0.916425
0.885484
0.851113
0.986985
0.907599
0.904385
0.894035
0.889129
0.867691
0.916236
0.970174
0.94013
0.951107
0.885911
0.966914
0.941168
0.842843
0.84988
0.806418
0.790656
0.852678
0.823113
0.819546
0.850308
0.871073
0.923486
0.928719
2.27969
0.902314
0.820002
0.764603
0.771823
0.836177
0.857898
0.876589
0.938443
0.894905
0.8827
0.905419
0.865995
0.90077
0.862331
0.885912
0.894334
0.896356
0.909538
0.914318
0.899439
0.802732
0.909609
0.875806
0.898097
0.883672
0.865444
0.907163
0.884311
0.942722
0.92207
0.975834
0.891655
0.887092
0.801967
0.88652
0.895221
0.846396
0.898371
0.891737
0.906734
0.989598
0.970525
0.950591
1.00011
1.00044
0.903466
0.893791
1.03412
0.96234
0.933884
0.979091
0.979088
0.967625
0.950404
0.970794
0.953959
0.9713
0.988302
0.993346
0.956289
0.970034
0.9713
0.990592
0.930208
0.924563
0.907713
0.873586
0.90314
0.878112
0.90822
0.889046
0.90962
0.971944
0.889983
0.910584
0.867663
0.891974
0.849412
0.893575
0.90974
0.907146
0.879261
0.883905
0.961774
1.01716
0.86644
0.890498
0.877093
0.94193
0.894743
0.867751
0.939744
0.90734
0.991651
0.986457
0.909086
0.892709
0.891023
0.896656
0.800759
0.881676
0.868941
0.872804
0.881693
0.895503
0.950782
0.870424
0.922013
0.912296
0.86075
0.889207
0.870631
0.901159
0.874526
0.87551
0.897951
0.889967
0.913071
0.918139
0.857693
0.881723
0.876438
0.907093
0.877147
0.906988
0.936103
0.931425
0.980434
0.953698
0.976668
0.855406
0.904814
0.878463
0.985828
0.929441
0.926238
0.884135
0.864781
0.959768
0.906363
0.908443
0.920129
0.865013
0.926762
0.967498
0.961605
0.981628
0.935285
0.877785
0.902573
0.924539
0.994082
0.785261
0.885265
0.877497
0.942576
0.971696
0.977014
0.970261
0.97114
0.962893
0.970329
0.977231
0.967116
0.992727
0.949499
0.964237
0.975692
0.900732
0.911714
0.968344
0.963178
0.943939
0.922715
0.85676
0.895169
0.988373
0.975925
0.889896
0.858634
0.967966
0.964874
0.895852
0.943006
0.910105
0.911011
0.83672
0.860904
0.893568
0.87091
0.955863
0.98409
0.867034
0.91078
0.871108
0.882137
0.883542
0.901975
0.864273
0.901317
0.893606
0.904765
0.967306
0.987572
0.901708
0.90247
0.939861
0.898343
0.981059
0.885475
0.87555
0.859752
0.863083
0.884236
0.983455
0.964374
0.965637
0.876124
0.780621
0.78448
0.788709
0.850472
0.910198
0.868807
0.989193
0.884055
0.841165
0.92287
0.893225
0.86259
0.867134
0.839402
0.894844
0.870992
0.893439
0.933472
0.890383
0.849837
0.878273
0.915987
0.906075
0.869966
0.967839
0.968704
0.876425
0.892049
0.862111
0.955924
0.91241
0.880959
0.899637
0.887912
0.877169
0.884792
0.885863
0.871575
0.840972
0.976315
0.928837
0.838638
0.867136
3.33826
0.895593
0.8982
0.975215
0.966848
0.957441
0.974767
0.98447
0.995718
0.873705
0.898901
0.970512
1.00753
1.00935
0.908768
0.965256
0.963485
0.91657
0.957496
0.866774
0.784624
0.793506
0.882363
0.947656
0.879609
0.947367
0.943861
0.972958
0.878912
1.03197
0.934591
0.924709
0.880724
0.896422
0.88712
0.882736
0.935505
0.953959
0.932893
0.892329
0.933228
0.907152
0.881624
0.914019
0.948125
0.925349
0.792702
0.927422
0.991082
0.94347
0.898096
0.508633
0.891845
0.786307
0.759884
0.767649
0.867286
0.957868
0.99645
0.896825
0.861066
0.858657
0.895957
0.986885
0.939197
0.870587
0.89144
0.917763
0.881058
0.896482
0.912499
0.890455
0.869814
0.918711
0.891166
0.895544
0.940418
0.972207
0.954394
0.897809
0.89996
0.905758
0.976582
0.97372
0.923122
0.861293
0.888615
0.904616
0.853305
0.859865
0.915397
0.966663
0.934944
0.874024
0.877303
0.940381
0.991576
0.877791
0.754922
0.760617
0.936087
0.828484
0.881533
0.437857
0.904458
0.869802
0.958272
0.97961
0.922855
0.754444
0.983255
0.833926
1.07125
0.977944
0.989435
0.976148
0.982916
0.947854
0.976075
0.979154
0.928047
0.987143
0.970665
0.987669
1.0057
0.968731
0.997011
1.00663
0.984687
0.973379
0.983315
0.964165
0.980947
0.960624
0.979997
1.11691
0.994088
0.973031
1.02155
0.915181
0.924078
0.994495
0.963345
0.966835
0.991475
0.963685
0.965959
0.933015
0.929134
0.880669
0.91917
0.887716
0.870591
0.897594
0.931702
0.989351
1.00654
0.908485
0.879542
0.8744
0.88267
0.890561
0.85249
0.916896
0.882281
0.947061
0.873284
0.941613
0.882088
0.988428
0.992125
0.912254
0.917267
0.986302
0.917533
0.899832
0.83987
0.917194
0.960317
0.968283
0.945017
0.951467
0.977522
0.905311
0.89738
0.901737
0.915156
0.968664
0.970324
0.973028
0.989047
0.937208
0.967651
1.01866
0.951241
0.998143
0.899963
0.943789
0.922117
0.978796
0.995562
0.993087
0.954968
0.949878
0.982265
0.959246
0.931742
0.882545
0.948127
0.972704
1.14618
0.981954
0.970714
0.952215
0.958697
0.92654
0.963853
1.00644
0.974171
0.996745
0.983051
0.973345
0.977419
0.937165
0.968398
0.958458
0.960044
0.98805
0.884123
0.945326
0.98767
0.954628
1.00028
0.957549
0.927751
0.988922
0.988904
0.947243
0.884363
0.983854
0.979166
0.939517
0.963385
0.971864
0.945406
0.902677
0.898126
0.880953
0.97774
0.995233
0.999901
0.891682
0.853817
0.880533
0.925851
0.874103
0.908848
0.998909
0.938927
0.838849
0.977631
1.0212
0.958418
0.800285
1.00853
0.975933
0.939227
0.974843
1.02719
0.978167
0.960174
1.00689
0.995965
0.974838
0.952215
1.00891
0.877608
0.89312
0.947684
0.976472
0.989151
0.96694
0.963716
0.991127
0.980785
0.983861
0.972433
0.978875
1.01204
1.00033
0.912978
1.00229
0.993407
0.971441
0.978858
0.999844
1.04868
0.953421
0.96562
0.961887
0.961777
0.965697
0.992607
0.97315
0.965604
0.966863
0.940697
0.892546
0.853544
0.912461
0.904762
0.979129
1.00327
0.978991
0.986911
0.999116
0.976363
0.961012
0.986757
0.9953
0.967588
0.991679
0.999174
0.97851
0.976842
1.06028
0.992325
1.02858
0.96543
1.04205
0.996033
0.991851
0.953153
1.05787
1.01275
1.0015
1.01114
0.96448
0.956285
1.03814
0.995282
1.03991
0.994525
0.984774
1.00961
1.02033
1.00095
1.01414
1.01188
0.981966
0.977848
0.983186
0.993239
0.953969
0.977548
1.00966
0.999046
0.964316
0.99129
0.978458
0.897435
0.962954
0.99445
1.03307
1.011
0.999308
0.980411
0.987531
1.00171
1.01304
0.979406
1.03918
0.972733
1.04833
1.0489
1.01364
1.00175
1.02792
0.937851
0.957668
0.968792
0.892471
0.95679
0.914937
0.950187
0.931195
0.927292
0.906923
0.958018
0.95243
0.955587
0.965468
0.87691
0.903748
0.946039
0.945749
0.940249
0.985217
0.931421
0.880795
0.980233
0.960356
0.975673
0.971701
0.963113
1.00101
1.02425
0.983319
1.00518
0.997176
0.989522
0.939166
0.944499
0.953981
0.964358
0.977034
0.979244
1.01983
1.11452
1.05406
0.970701
1.00019
0.999193
0.996735
1.02665
1.00281
0.994251
0.948773
0.984161
0.9573
2.78475
2.45967
2.50978
1.74783
1.54715
1.49275
1.50583
1.5424
