8.85329
3.18372
3.6995
2.63612
2.41415
1.27084
1.22944
1.23087
1.21695
1.2259
1.23129
1.21939
1.18804
1.20457
1.23672
1.21129
1.18728
1.19324
1.18407
1.18373
1.20795
1.22332
1.23028
1.18029
1.2156
1.24787
1.20076
1.15278
1.18294
1.18233
1.22158
1.25081
1.2097
1.22111
1.24477
1.21564
1.21951
1.27564
1.29537
1.28088
1.22912
1.219
1.23781
1.2328
1.25335
1.25062
1.24417
1.23687
1.25111
1.2373
1.27775
1.23918
1.25145
1.26974
1.26864
1.24715
1.28375
2.39711
2.50009
2.22194
1.7507
1.78786
1.83854
1.82077
1.80873
1.01822
1.00058
0.952633
0.956143
0.975091
1.01213
0.97062
0.953274
0.980897
0.976378
1.00952
1.01355
0.977684
0.961393
0.952976
0.931862
0.987184
0.998322
0.982815
0.987866
0.98354
1.84674
2.5319
2.47138
2.47601
1.31008
1.2549
1.3045
1.25286
1.3051
1.29138
1.28567
1.17085
0.964796
0.99264
0.977823
0.97171
0.976629
0.946444
0.95305
0.948592
0.963045
0.952892
0.932787
0.949805
0.971774
0.937018
0.953205
0.938746
0.945472
0.952651
0.955392
0.947038
2.33593
2.50767
2.44261
2.43437
1.92983
1.04148
1.03455
0.990935
1.01813
1.0249
1.01645
1.02867
1.02016
0.993607
0.980466
0.948581
0.933024
1.80247
2.52771
2.49517
1.77194
1.55343
1.59632
1.5452
1.50969
1.60322
2.72407
2.52952
2.53765
2.44162
1.65416
1.1319
1.11192
1.12249
1.17189
1.13389
1.12939
1.14835
1.12664
1.00877
0.980583
0.976153
0.978852
2.82417
2.75892
2.64513
2.51863
2.57165
2.79025
1.06518
1.07731
1.04652
1.00636
1.08264
1.06759
1.19791
1.11965
1.09405
0.982342
0.923071
0.966023
0.981411
0.947516
0.897603
0.931762
0.948974
0.953837
0.947536
0.929206
0.95636
0.93173
0.856318
0.8517
0.986829
0.951838
0.952317
0.946652
0.950451
0.959228
0.948741
0.970494
0.898492
0.877392
0.880013
0.860381
0.881271
0.884608
0.981519
0.962366
1.01997
1.01461
0.949972
0.918291
0.98678
0.946258
0.981958
0.993219
0.95852
0.966108
0.925963
0.947829
0.971499
0.901063
0.876967
0.858368
0.844304
0.871649
0.947159
0.989333
0.952119
1.06213
0.947905
0.971814
0.859675
0.879727
0.935581
1.00679
0.972606
0.979543
0.96916
0.884545
0.947711
0.976266
0.874125
0.843872
0.883729
0.890233
0.886739
0.885677
0.939134
0.868321
0.902056
1.02199
0.992907
0.889703
0.889088
0.870913
1.00389
0.977833
0.918896
0.903295
0.855853
0.901063
0.973656
0.959536
0.960017
0.887904
0.849818
0.879193
0.866705
0.918546
0.972437
0.93049
0.995743
0.96492
0.930548
0.881312
0.885266
0.86615
0.973435
0.976547
0.886659
0.900246
0.889783
0.899774
0.956612
0.911933
0.925375
0.868693
0.899534
0.882207
0.885073
0.870293
0.885052
0.909049
0.98831
0.943725
0.986405
0.896498
0.897949
0.901802
0.962237
0.926967
0.886273
0.921318
0.892848
0.929717
0.947047
0.962489
0.886506
0.897528
0.89146
0.889199
0.869717
0.86195
0.873526
0.942667
1.00208
0.999969
0.974786
0.986544
0.998961
0.969204
0.995759
0.95101
1.00764
0.944377
0.895233
0.983949
0.968993
0.875919
0.851093
0.875372
0.903877
0.944535
0.973823
0.950686
1.08067
1.02049
0.991479
1.23147
1.12663
1.00135
1.00255
0.996397
0.987909
0.960795
1.01243
0.995696
1.00961
1.0036
0.968104
0.966234
0.922465
0.920571
0.924256
1.52274
1.44795
1.29088
1.26112
1.2919
1.29714
1.34821
1.29314
1.31177
1.22457
0.974227
0.972221
0.878931
0.909593
0.892492
0.896106
0.875216
0.954222
1.0022
0.984984
1.58836
1.52795
1.5357
1.51932
1.55766
1.53756
1.40453
0.954303
0.969663
0.931646
0.889464
0.874461
0.86197
0.884571
0.850811
0.905725
0.95857
0.970856
0.962742
0.964043
0.946837
0.950097
0.925847
0.949526
0.965837
0.940937
0.869174
0.888739
0.897545
0.959533
0.957587
0.883753
0.859959
0.857504
0.908778
0.865749
0.919856
0.95163
0.934417
0.919016
2.66197
2.50655
2.45638
2.07513
1.2937
1.2853
1.28986
1.30516
1.27057
1.34245
1.37187
1.09393
0.922564
0.978612
0.91862
0.963619
0.941295
0.971594
0.963764
0.930634
0.959931
0.889195
0.948635
0.950431
1.28018
2.61614
2.62043
2.18513
1.62443
1.62178
1.62728
1.57174
1.55315
1.55318
1.2355
0.929514
0.846547
0.830492
0.925482
0.924927
0.88348
0.843594
0.924858
0.933568
0.926588
0.862977
0.941132
0.908804
0.930184
0.92579
0.927064
0.94809
0.965965
0.926811
0.966718
1.00493
1.004
0.99442
0.958231
0.958851
0.977073
0.95151
0.962055
0.998681
0.970315
0.957096
0.955499
0.96795
0.982207
0.959633
0.927106
0.964704
0.953368
0.883251
0.894432
0.854187
0.924834
0.961294
0.945756
0.969758
0.947779
0.951889
0.956435
0.870785
0.917232
0.981221
0.951133
0.919012
0.94672
0.948613
0.965679
0.943391
0.965223
0.960668
0.954725
0.887291
0.856511
0.889153
0.946326
0.97429
0.968157
0.928472
0.889204
0.861349
0.878199
0.9245
0.956786
0.952999
0.891276
1.02791
1.02691
0.964472
0.943685
0.99041
0.980324
0.96933
0.877793
0.874023
0.875136
0.966683
0.963426
0.968726
0.966193
1.05002
1.03008
1.33016
1.16389
1.03135
1.00997
1.00078
1.02469
0.985054
0.93942
0.959997
1.00212
1.00201
1.00689
1.00059
0.97504
0.960421
1.02537
1.00736
1.00419
0.948224
0.951199
0.961422
1.07679
1.01134
0.956102
0.984801
0.970188
0.929518
0.987287
0.973118
0.955278
0.9819
0.858859
0.975393
0.927196
0.908361
0.998132
1.01753
1.00137
0.958127
0.958534
0.95286
0.91713
0.956198
0.947467
0.974211
0.994466
1.00836
0.968999
0.934803
0.885373
1.06195
0.95002
0.995298
0.955798
0.963855
0.994469
0.974996
1.03658
0.959464
0.987791
0.954859
0.977642
1.02904
1.00804
0.985742
0.966204
0.962465
0.973179
0.934693
0.992607
1.06961
1.05095
0.944174
0.963406
0.946877
0.924613
0.934004
0.994325
0.970314
0.944042
0.949216
0.944527
0.971539
1.05295
1.01862
0.975368
1.01149
1.03001
0.961691
1.02523
0.963696
1.8816
2.51867
2.25359
2.18693
2.07947
2.271
2.27158
0.977588
0.943939
0.928815
0.94469
0.935004
0.947929
0.927067
0.905238
0.91651
0.928724
0.926604
0.942837
0.944201
0.94063
0.967527
0.932968
0.947007
0.960103
0.956171
0.929597
0.942777
0.999338
0.95543
0.936385
0.9629
0.960542
0.960072
0.949349
0.945448
0.962343
0.952382
0.95731
0.977868
0.970317
0.966891
0.993713
0.960465
0.979929
0.99306
0.98378
0.9507
0.969499
1.00828
0.94882
0.93242
0.921134
0.939924
0.927685
0.924473
0.923168
0.954364
0.929686
0.933144
0.944308
0.924014
0.933552
0.938299
0.94591
0.939587
0.970801
0.921346
0.95259
0.885577
0.955939
0.92118
1.0116
0.912164
0.929962
0.950176
0.94449
0.945505
0.915358
0.899191
0.881938
0.909688
0.906071
0.902127
0.934442
0.909569
0.883634
0.906496
0.955943
0.908888
0.900563
0.89995
0.925092
0.92785
0.948158
0.976335
0.909416
0.907604
0.905375
0.916307
0.87495
0.897348
0.903316
0.923391
0.945671
0.972516
0.982531
0.910928
0.964154
0.974687
0.927887
0.940735
0.927406
0.957721
0.964064
0.98048
0.955509
0.996947
0.971077
0.985346
0.97128
0.995795
0.965591
0.95574
0.937615
0.96522
0.958904
0.94433
0.959195
0.960335
0.979814
0.96342
0.960949
0.937426
0.960898
0.961848
0.942613
0.993075
0.957824
0.944036
0.958987
0.969726
0.991728
0.980529
0.962787
0.956928
0.95377
0.949125
0.943037
0.933715
0.963042
0.979149
0.964595
0.962166
0.927617
0.93485
0.956746
0.954222
0.952658
1.00422
0.992956
0.951617
0.963538
0.965823
2.4346
2.59002
2.58614
2.55759
1.24656
1.04906
1.08554
1.17006
1.10351
1.08726
1.06463
1.04556
1.06448
1.01689
1.0057
0.999608
1.0093
1.00533
0.994053
0.985664
1.03847
0.971933
0.983163
1.02069
0.989995
1.05689
0.997805
1.02723
1.0049
1.00624
0.957019
0.94449
0.937427
0.930634
0.937334
0.942192
0.946194
0.941523
0.953131
0.941531
1.0132
0.96313
0.94757
0.93032
0.902
0.966691
0.956554
0.968777
0.952529
0.951346
0.944418
0.937404
0.912483
0.895496
0.914208
0.906592
0.950894
0.953357
0.9756
0.978029
0.998888
1.01032
0.973109
0.954184
0.929938
0.930559
0.991925
0.985865
0.983479
1.09632
1.02737
0.986519
0.965667
0.991318
0.951092
0.945785
0.983247
0.953895
0.982527
0.965934
0.935152
1.11545
0.99663
0.995097
0.976755
0.952824
0.976252
1.04621
0.989059
0.992412
1.03164
0.993999
1.04741
2.64011
2.52196
2.47899
2.49394
2.42428
1.26405
1.05531
1.02654
1.03244
1.02967
1.04926
1.08141
1.02869
1.05427
0.993296
0.947456
0.950638
0.958599
0.932138
0.925256
0.934857
0.954237
0.943221
0.93268
0.912726
0.927167
0.944095
0.965381
0.95759
0.946157
0.963698
0.962594
0.953519
0.967
0.933478
0.964747
1.00679
1.00665
0.974717
0.995171
0.984358
1.01046
1.01385
0.944616
0.984697
0.978017
0.983936
0.966223
0.979959
1.01608
0.963754
0.975059
0.990832
0.973187
0.992491
0.993928
1.04176
0.993385
0.958323
0.917277
0.949838
1.00446
0.993834
0.98663
0.978621
0.986186
0.982427
2.36142
0.997585
1.02792
0.935544
0.916628
0.899764
0.895854
0.959569
0.911554
0.915461
4.10626
0.933245
0.95294
0.932533
0.927006
0.926988
0.967965
0.963631
0.94653
0.9421
0.950195
0.939136
0.956045
0.937331
0.936139
0.931296
0.912359
0.935199
0.948091
0.922687
0.943896
0.929275
0.935815
0.944004
0.959852
0.938554
0.951061
0.934249
0.961456
0.964929
0.948234
0.934001
0.938786
0.941943
0.923073
0.906188
0.913557
0.899929
0.91653
0.937667
0.964599
0.947812
0.923802
0.92308
0.903834
0.916315
0.914277
0.927817
0.949449
0.962201
0.917216
0.98197
0.970837
0.960025
0.901898
0.921764
0.951132
0.920694
0.930436
0.939314
0.910299
0.925572
0.911882
0.905132
0.95322
0.969393
0.948676
0.965674
0.974909
0.953559
0.990648
0.990153
0.999924
1.00035
0.984574
0.95992
0.972764
0.97528
0.946602
0.967764
0.948165
0.970979
0.961748
0.991525
0.966794
0.945634
0.942398
0.945155
0.906846
0.932719
0.940943
0.998461
0.965219
0.976443
0.96499
0.969029
0.925724
0.963262
0.949582
0.921133
0.93185
0.962435
0.983018
0.962993
0.985013
0.988111
0.973183
0.979013
0.979259
1.00392
0.979491
4.64186
1.02792
0.966653
0.961904
1.00206
0.941007
0.963531
0.993794
0.968066
1.00161
0.987272
0.998499
0.964866
0.97196
0.950137
0.970081
0.96899
1.02064
0.963843
0.974595
1.01258
0.984829
0.961994
0.9586
0.934348
0.964939
0.964863
0.975715
0.964155
0.953216
0.942828
0.952867
0.993841
1.01684
0.96394
0.95402
0.920454
0.953739
1.00262
0.969754
0.990559
0.97692
0.967031
0.946688
0.95856
2.37874
2.469
2.51947
2.53469
2.40803
1.32924
1.05673
1.05654
1.04893
1.06671
1.03207
1.06114
1.0336
1.06003
0.988832
0.944935
0.944807
0.987028
0.974475
0.963491
0.916607
0.899666
0.90856
0.885404
0.925074
0.95339
0.984998
0.985003
0.980835
0.942316
0.949944
0.934687
0.924011
0.938278
0.953942
0.920748
0.984623
0.983012
0.988238
0.983349
0.989374
0.948637
0.949602
0.938307
0.959707
0.949442
0.92869
0.987313
0.999538
0.983665
4.76236
0.962629
0.944311
0.965216
0.948677
0.988766
0.941872
0.957828
0.969991
0.950807
0.968857
2.7585
2.47961
2.4224
2.47508
2.31888
1.14318
1.13958
1.12284
1.14614
1.16298
1.11062
1.15413
1.08892
1.14978
1.00444
0.980448
0.963647
0.990585
1.00495
0.970853
0.955757
0.947042
0.945341
0.92449
0.97105
0.977868
0.996651
0.994028
1.01955
0.984068
0.980973
0.991258
0.97504
0.961996
0.998255
1.007
0.998881
0.990932
0.963656
0.993625
0.98215
0.966459
0.985609
0.970693
1.02146
1.00317
0.973604
0.965884
0.979502
0.972754
0.998038
0.957728
1.00627
0.982028
0.950672
0.965104
0.978
0.975836
0.948681
0.947178
0.934396
0.94332
0.934998
0.982953
0.959379
0.950989
0.954246
0.956684
0.949976
0.99227
0.998381
0.946566
0.93908
0.952013
1.00101
0.983032
1.01465
0.991359
1.01344
0.973455
0.981705
0.977862
0.972168
0.987983
4.48344
0.96719
0.980065
1.01805
0.975877
0.983058
0.958042
0.978503
0.925285
0.94545
0.960018
0.964654
0.917159
1.00027
0.993703
0.999796
0.978337
0.999688
0.966505
0.977966
1.00082
0.965155
0.940561
0.938569
0.927111
0.964843
0.933506
0.930446
0.978521
0.983558
0.981996
0.991004
0.961243
0.961043
0.94123
0.916434
0.93288
0.922511
0.972479
0.965978
0.973794
0.968369
0.982896
0.984974
0.994382
0.992326
0.945351
0.955512
0.982424
0.991693
1.15622
1.03095
0.965254
0.984455
0.968624
0.965313
1.00587
0.972704
0.980215
0.979876
0.968329
0.973532
0.971758
0.989667
0.982544
0.944994
0.967674
1.00248
0.953284
0.978123
0.978507
0.993835
0.960439
0.985566
0.947599
0.980352
0.98279
0.960269
0.966501
0.970761
0.972478
0.984001
1.01641
0.96669
0.982697
0.967852
0.982787
0.966437
0.981435
0.982705
0.962975
0.996833
0.982242
0.999
0.983585
0.939043
0.936185
0.969105
0.972062
0.946458
0.939099
0.949588
0.976267
1.00157
0.986667
0.975972
1.00655
0.982236
0.962276
0.951303
0.998429
0.976167
0.980845
1.01158
0.970318
0.986633
0.959091
0.976098
2.69472
0.993556
0.98058
1.00333
0.989305
0.999332
0.980517
0.938692
0.959286
0.952356
0.958884
0.993183
1.00586
0.989756
0.994661
0.979123
0.968985
0.977479
0.969901
0.98203
0.981104
0.974173
0.983764
0.974738
0.97946
1.02289
0.984135
1.02957
1.01732
1.00405
0.982806
0.988956
0.982231
0.978353
0.991949
1.01076
0.993714
0.973151
0.972989
0.938652
0.93102
0.936511
0.953138
0.989485
0.983579
0.980697
0.990868
1.09384
0.960216
1.00268
0.997254
0.966186
0.97925
1.00649
1.00701
0.937695
0.953061
0.971591
0.984374
0.968804
0.946307
0.957165
0.950805
0.962954
1.04346
1.02764
0.977996
0.971136
0.942856
0.943144
1.01443
0.986303
0.965936
0.990938
0.975983
0.977356
0.984893
0.956408
0.984226
0.981324
0.991623
1.02351
0.99544
0.980894
1.00059
0.93387
0.941667
0.933333
0.951197
0.918148
0.896734
0.89548
0.949347
0.927898
0.928197
0.949016
0.91711
0.901066
0.920239
0.901791
0.900828
0.900729
0.928369
0.886321
0.962999
1.0016
0.966305
0.983875
0.955478
1.00884
0.97982
0.980952
0.99774
0.958878
0.977782
0.996888
0.956796
0.995745
0.982331
0.976648
0.985737
0.978157
0.983723
0.956544
0.978835
0.964721
0.998695
0.965497
0.960043
0.967764
0.937685
0.960385
0.930623
0.972169
0.996494
0.977561
0.986616
0.990201
0.979674
0.980144
0.9624
0.968959
0.973976
0.980267
0.93909
0.959773
0.964599
0.97075
0.986261
0.971311
0.96471
0.947121
0.94344
0.998387
1.0206
0.947615
0.999067
0.973647
0.991358
1.00144
0.965723
0.917446
0.946055
0.958466
0.932328
0.968292
0.982486
0.996376
1.01569
0.986667
0.997403
0.959749
0.949002
0.956419
0.975474
0.990544
0.974903
0.952283
0.960288
0.971511
0.934248
0.94011
0.945017
0.945329
0.958755
0.952084
0.928253
0.938886
0.962425
1.02782
1.00316
0.986908
0.976643
0.974985
0.951516
1.00663
0.977262
0.980875
0.963927
0.984855
0.959202
0.985742
0.946979
0.959655
0.945446
0.928956
0.94842
0.950964
0.924728
0.9615
1.01115
0.995918
0.945784
0.953588
0.945534
0.931611
0.974976
0.967995
0.978809
0.979616
0.96049
0.98882
0.955129
0.97694
0.937367
0.956106
0.96697
0.960575
2.49534
2.56601
2.4876
2.39959
1.2485
1.27225
1.24905
1.23178
1.24873
1.24619
1.25372
1.21751
0.964027
0.955032
0.980125
0.979276
0.984994
0.96359
0.943802
0.953061
0.971676
1.00546
1.06714
1.03909
1.01675
0.97083
0.971173
0.958961
0.972166
0.984514
2.39324
2.51198
2.53604
2.50221
2.57123
1.16729
1.31056
1.07113
1.07856
1.04964
1.06852
1.075
1.02963
1.04267
0.98153
2.40683
2.55271
2.51735
2.12973
1.36941
1.42694
1.42569
1.36786
1.35057
1.35846
1.34712
0.976154
0.979522
1.03441
0.976889
0.972714
0.972469
0.95998
0.972447
0.963098
0.976746
1.00469
0.938075
0.955461
0.927855
0.955078
0.962334
0.952972
0.970485
0.960919
0.951728
0.969288
0.992481
0.994982
1.00901
0.973035
0.978361
0.975648
0.973567
0.967553
0.998677
0.992697
0.974233
0.987529
0.989923
0.996404
0.977064
0.962114
0.961201
0.936543
0.942775
0.960935
0.966969
0.974421
0.986617
1.0044
1.00094
0.997884
0.979602
0.961581
0.995744
0.987254
1.03145
0.972298
0.998218
0.96406
0.961257
0.991851
1.0063
0.956931
0.993638
0.967013
0.990953
1.01886
0.972073
1.01944
1.0259
0.971669
0.983786
0.959448
0.968067
1.02496
0.982951
0.966797
0.987491
0.977999
0.956073
0.993828
0.973797
0.990327
0.986906
0.976529
0.988185
0.978208
0.976948
0.994016
0.965808
0.953127
0.938889
0.961138
0.912296
0.946201
0.964917
0.989195
0.976467
0.992425
0.997959
0.937055
0.894918
0.924298
0.904772
0.889618
0.960598
0.94469
0.945825
0.934916
0.976017
0.971655
0.944005
0.91886
0.926425
0.919073
0.965514
0.966032
0.934366
0.921429
0.943705
0.927572
0.921433
0.925793
0.88695
0.965768
0.922812
0.914815
0.935281
0.930303
0.988048
1.78094
2.47662
2.4535
2.26563
1.49078
1.46419
1.45611
1.4852
1.48788
1.44532
1.11945
0.982105
0.972327
0.967959
0.959803
0.959818
0.989352
0.971522
0.991905
0.979219
0.963374
0.987032
0.985
0.9786
0.978341
0.959357
0.943961
0.933723
0.919666
0.901525
0.893262
1.32027
0.939296
0.90929
0.90923
0.92396
0.90199
0.920033
0.926214
0.954098
0.933767
0.945512
0.951988
0.929357
0.953981
0.947841
0.932029
0.952538
0.930921
0.943781
0.937725
0.923427
0.932639
0.947306
0.954038
0.965446
0.945875
0.920291
0.921367
0.949691
0.936134
0.953636
0.942141
0.944828
0.967084
0.954787
0.96168
0.952582
0.948567
0.900463
0.951117
0.960684
0.92119
0.888256
0.95974
0.986922
0.939825
0.934814
0.940422
0.959509
0.965931
0.95736
0.945187
0.94153
0.956191
0.929296
0.951261
0.956379
0.943487
0.938169
0.946225
0.946744
0.961964
0.943309
0.933934
0.941175
0.911254
0.923817
0.958448
0.937283
0.951984
0.954587
0.975406
0.965785
0.952504
0.933246
0.950396
0.939726
0.935276
0.941257
0.93715
0.951936
0.949374
0.947421
0.953621
0.964911
0.95523
0.943507
0.939778
0.93711
0.943253
0.936063
0.95967
0.970131
0.948592
0.936684
0.95351
0.95173
0.958296
0.905895
0.94591
0.956904
0.932625
0.962276
0.947336
0.929309
0.953067
0.982449
0.935142
0.909661
0.928309
0.938777
0.948435
0.954406
0.967739
0.944775
0.931216
0.953645
0.968518
0.949617
0.970596
0.940261
0.989796
0.951237
0.961683
0.933548
0.946037
0.945966
0.939415
0.935704
0.940916
0.953685
0.947462
0.927374
0.937542
0.935885
0.938516
0.970343
0.965549
0.951353
0.965074
0.936748
0.946162
0.948383
0.944208
0.939294
0.965604
0.942877
0.947828
0.945723
0.951419
0.940183
0.92426
0.944299
0.921124
0.886977
0.924214
0.913621
0.915697
0.920034
0.894556
0.912293
0.920126
2.71405
2.45135
2.22508
1.80909
1.78338
1.77586
1.75521
1.76752
1.01957
0.955452
0.953275
0.978534
1.01497
0.983234
