7.03496
2.73456
2.91362
1.79568
2.08964
1.73188
2.25727
1.03243
0.997236
1.05325
0.981481
0.960622
0.971142
0.95606
1.01378
0.980452
0.852988
1.02458
0.999839
0.941396
0.963077
0.991518
0.981875
0.980171
0.942192
0.962578
0.965148
0.948727
1.01282
0.972451
0.988184
1.0309
0.964613
0.978945
1.00835
0.968418
0.986695
0.977595
0.970956
1.02774
0.986288
0.985376
0.973175
0.95092
1.00432
0.994171
0.976699
0.965706
0.948623
0.947389
0.964653
0.955834
0.955293
0.96304
0.96779
0.974609
0.998873
0.965126
0.974715
0.964847
0.942632
0.963368
1.01209
0.999139
0.975506
0.955877
0.963152
0.955522
0.959889
0.957959
0.9563
0.933937
0.953163
0.966983
0.957308
0.957127
0.966443
0.946577
0.9026
0.946828
0.933956
0.984273
0.952099
0.934273
0.975385
0.921823
0.88666
0.844003
0.954254
0.963291
0.975064
0.94178
0.939496
1.01965
0.950768
0.963703
0.964601
0.955559
0.961369
0.926321
0.965794
0.96806
0.948938
0.972222
0.978539
0.957157
0.951752
0.995564
0.964469
0.952426
0.941867
0.975696
0.992378
1.00862
1.00057
0.962867
0.982017
0.954817
0.941815
0.949732
0.953537
0.972834
0.986774
0.98636
0.951981
0.997884
1.02129
1.04148
0.939212
0.946358
0.963263
1.00299
1.00239
1.00384
0.95262
0.949499
0.990467
1.01585
1.01633
1.00525
1.00228
0.972708
0.978676
0.990362
0.98421
1.00012
0.99843
0.981275
0.988729
0.94925
0.986192
0.99633
0.964194
0.976045
0.989576
0.967391
0.987185
0.973221
0.929567
0.95172
0.960895
0.964528
0.963773
0.933627
0.950239
1.0098
0.943485
0.988526
0.996818
0.991372
0.974113
0.927817
0.972199
1.00269
0.955273
1.01128
0.97719
1.01496
1.01621
1.01608
1.00842
1.03469
1.02186
1.00802
1.03268
1.04633
1.25496
1.28517
1.04696
1.00328
0.994452
1.02097
0.988143
0.933052
0.978332
0.945324
0.971473
0.915897
0.927948
0.933398
0.959651
0.935903
0.939013
0.91282
0.987044
1.00334
0.906637
0.916819
0.903053
0.920014
0.905997
0.913736
0.934319
0.909508
0.917165
0.982611
0.93998
0.976499
0.953709
0.952177
0.944942
0.945499
0.918676
0.964831
0.950517
0.946287
0.967595
0.944422
0.979764
1.07538
1.0946
1.00844
1.01574
1.02473
1.07136
1.05699
1.03244
1.03405
0.98564
0.931986
0.924727
0.921593
0.938596
0.988744
0.911755
0.948015
0.923958
0.958155
0.954301
0.951305
1.1464
1.26029
1.27383
1.23472
1.26407
1.24894
1.24245
1.26992
1.28003
1.27421
1.25803
1.23602
1.26974
1.27899
1.27865
1.29141
1.25351
1.26182
1.27779
1.28807
1.24674
1.23149
1.22415
1.28407
1.21098
1.17955
1.21148
1.27767
1.2881
1.27347
1.27326
1.25858
1.29167
1.25874
1.26086
1.30193
1.26692
1.26904
1.28524
1.30245
1.25487
1.2736
1.28209
1.25663
1.23966
1.27639
1.26199
1.27722
1.24707
1.26788
1.26763
1.26353
1.29653
1.24889
1.29525
1.29375
1.31644
1.28266
1.26233
1.22393
1.30411
1.3166
1.31405
1.25477
1.20042
1.19934
1.21891
1.20967
1.20221
1.09182
0.937085
0.941301
0.930585
0.919011
0.940869
0.929899
0.915868
0.932737
0.950806
0.954621
0.948459
0.955856
0.952914
0.97952
0.954598
0.99311
0.954037
0.959917
0.959761
0.920921
0.947827
0.962292
0.944884
0.953605
0.975772
0.984702
0.966851
0.951803
0.930374
0.966203
0.950274
0.949427
0.956053
0.954545
0.974903
0.941401
0.945969
0.953667
0.944522
0.94308
0.969058
0.951595
0.946422
0.955321
0.913262
0.949729
0.975544
0.964557
0.92511
0.953547
0.947779
0.961447
0.92779
0.953789
0.946427
0.931582
0.928267
0.945205
1.05081
1.03769
0.976627
0.957166
1.77414
2.55412
2.68719
1.62824
1.08295
1.00759
0.928173
0.926705
0.933589
0.905448
0.932095
0.938752
0.922133
0.93844
0.949462
0.925151
0.953076
0.958368
0.932511
0.927996
0.952747
0.942125
0.947129
0.928967
0.967383
0.972556
0.977614
0.952692
0.962592
0.936429
0.976417
0.964598
0.95279
0.938668
0.983236
0.992444
0.97144
1.00613
0.951701
1.00971
0.970331
0.971548
1.00669
0.982018
0.996093
0.999115
1.01313
1.00368
1.05767
1.03412
1.01892
1.0245
1.02266
1.01918
0.96001
0.962395
0.969661
0.959669
0.95198
0.947237
0.964015
1.00309
0.991691
0.976794
0.972184
0.936171
0.932458
0.950451
0.949096
0.899506
0.926739
0.92471
0.906751
0.924114
1.74934
1.9517
1.92834
1.88773
1.91726
1.58448
0.974145
0.936783
0.929192
0.953517
0.957818
0.944033
0.975147
0.952176
0.93803
0.933117
0.916316
0.925757
0.905418
0.928549
0.959789
0.959375
0.963738
0.95421
0.941528
0.919037
0.930991
0.941519
0.937719
0.973707
0.977154
0.945151
0.965344
0.937507
0.969408
0.995556
0.958626
0.994793
0.985625
0.943866
0.99264
0.971213
0.990427
0.982175
0.990736
0.993186
0.992454
0.931424
0.972779
0.959674
0.947247
0.941621
0.945961
0.962128
0.924903
0.983711
0.934044
0.943501
0.925607
0.949659
0.985732
0.934952
0.967161
0.952755
0.943099
0.942653
0.965867
0.944513
0.940031
0.951393
0.91387
0.953324
0.935356
0.95147
0.943957
0.955919
0.9707
0.950067
0.948004
0.964793
0.922891
0.935915
0.934758
0.950551
0.956418
0.959826
0.923352
0.950864
0.951776
0.929379
0.96613
0.948982
0.964122
0.960501
0.91578
0.945838
0.946933
0.925418
0.942219
0.958731
0.945253
0.95659
0.949989
0.944066
0.94346
0.95076
0.934715
0.968771
1.21696
1.25462
1.26162
1.25865
1.25165
1.23603
1.24854
1.28337
1.27552
1.24487
1.24965
1.23678
1.24398
1.20661
1.22242
1.2429
1.26432
1.24093
1.22573
1.20879
1.24345
1.22882
1.25061
1.23466
1.24029
0.983919
0.954013
0.965595
0.95539
0.958211
0.926794
0.951457
0.962688
0.951518
0.953566
0.951605
0.916104
0.946037
0.982143
0.944481
0.942871
0.946827
0.958979
0.941551
0.928244
0.9269
0.939641
0.947553
0.902295
0.932169
0.916749
0.92861
0.942159
0.950695
0.944751
0.968421
0.959925
0.96239
0.941141
0.983006
0.967123
0.958742
0.923341
0.945564
0.949619
0.950559
0.962969
0.952777
0.957553
0.933646
0.937772
0.961267
0.96297
0.939657
0.952873
0.93359
0.949048
0.956206
0.96038
0.944741
0.93929
0.963703
0.950939
0.924241
0.930225
0.949145
0.931186
0.920284
0.913307
0.939278
0.950527
0.939246
0.940661
0.954016
0.930717
0.952223
0.916337
0.904678
0.974998
0.950359
0.917745
0.926816
0.962765
0.929072
0.94022
0.955503
0.979355
1.01708
0.967658
0.923237
0.940954
1.87629
1.10393
0.972258
0.946222
0.938149
0.940349
2.55297
2.46044
2.49141
2.48333
2.5036
1.07675
1.13136
1.07889
1.05983
1.07076
1.08918
1.08565
1.08098
1.06369
1.03947
1.00986
0.999578
0.994666
0.968374
0.967544
0.974629
0.995849
0.978218
0.985353
0.995338
0.999778
0.935703
0.927132
0.932471
0.907958
0.90627
0.918144
0.923256
0.933414
0.964496
2.23215
2.09196
2.06015
2.15827
1.68416
1.00391
1.00475
1.02566
1.14602
1.05654
1.03517
1.05905
1.064
2.63521
2.51375
2.55331
2.52745
1.73828
1.11358
1.10456
1.07067
1.08175
1.04824
1.0493
1.06012
1.06448
1.01638
0.930032
1.08748
0.983696
0.996108
0.965216
0.950273
0.99277
1.01171
0.956673
0.957586
0.94917
0.97364
1.06544
0.995133
0.95095
0.95585
0.957692
0.953829
0.972363
0.93982
0.945346
0.940055
0.997719
0.962695
0.929922
0.982748
0.995592
0.989317
0.971744
0.949085
0.956473
0.941125
1.03484
0.980097
1.00893
0.993602
1.00731
0.954046
0.97539
0.957424
0.990411
0.948125
0.968119
0.944032
0.958024
0.932946
0.940532
0.964814
0.981127
0.975047
0.979685
0.962037
0.9536
0.978703
0.956505
0.954587
0.95253
0.945287
0.93958
0.930769
0.942537
0.949201
0.961317
0.972222
0.944132
0.947666
0.958184
0.942418
1.01719
0.982519
0.981686
0.94527
0.944884
0.983078
0.948426
0.949375
2.38924
2.82298
2.23192
2.05423
2.01063
2.07297
2.01491
0.946255
0.959116
0.973011
0.935757
0.961202
0.930381
0.947806
0.956904
0.968092
0.917583
0.94404
0.944947
0.96598
0.944188
0.943327
0.940532
0.949258
0.96313
0.97747
0.948099
0.948547
0.965696
0.960957
0.979249
0.989782
0.964622
0.979567
0.981579
1.89546
2.54537
2.58017
2.48508
2.50283
2.34542
1.07129
1.01361
1.01435
1.03569
1.00806
0.981705
1.01762
0.993135
1.00033
1.01799
0.889545
0.919563
0.936311
0.943045
0.957493
0.955137
1.0266
0.992311
0.937786
0.934839
0.995154
1.01971
0.964208
1.09019
0.980927
0.972131
0.956581
0.961229
0.947944
0.970929
0.932356
0.955981
0.972874
0.936303
0.95869
0.961207
0.993083
1.00626
0.941489
0.957431
0.98061
1.00038
0.967973
0.985606
1.00096
0.992143
0.963265
1.01162
1.03234
1.04256
1.00887
1.02432
0.997795
0.996465
0.976651
0.975633
1.0852
1.02886
1.33272
2.66617
2.57394
2.51194
2.45408
1.50104
1.11291
1.17784
1.17441
1.13582
1.55978
1.81465
1.24305
1.05018
1.07377
1.00029
1.21754
0.995343
0.998973
0.986187
0.948239
0.999971
0.951017
0.996702
0.990122
0.963377
0.98168
0.990685
1.0364
1.02888
0.990739
0.982982
0.991705
0.998002
1.00355
0.988245
1.02134
1.02551
1.05289
1.00933
1.00274
0.959467
0.986968
1.01808
1.07451
0.977719
1.01179
0.988587
1.01156
0.979939
0.971206
0.968985
0.988399
1.00231
0.993533
0.973168
0.977653
1.31881
2.54892
2.42193
5.30879
2.13904
2.07817
1.74031
2.55118
2.47827
2.47078
1.98816
1.30287
1.3207
1.2829
1.31332
1.31978
1.2951
1.25566
1.10621
1.0026
1.03593
0.974962
0.979761
1.00016
0.941974
0.962049
0.933288
0.917475
0.894662
0.964929
0.957319
0.957135
0.895443
0.901589
0.905935
0.902852
0.911479
0.902483
0.942922
0.948516
0.8985
0.921584
0.945583
0.954929
0.920988
0.907011
0.91088
0.923589
0.918916
0.908867
0.938129
0.93937
0.893223
0.934718
0.913001
0.919946
0.934595
0.926646
0.890898
0.924123
0.958697
0.997336
0.979022
1.09237
0.988666
0.983589
0.936001
0.962878
0.951016
0.942885
0.952255
0.953427
0.967443
0.99055
0.974884
1.00348
0.964913
0.931375
0.969968
0.921636
0.943934
1.00469
0.94166
1.02989
0.995037
0.975971
0.926663
0.930854
0.952204
0.950536
0.974361
0.940076
0.984197
0.96164
0.971287
0.973863
1.01811
0.989412
0.970469
0.946553
0.971053
0.991729
4.47187
1.00853
0.982851
0.989915
0.987741
0.952642
0.956486
0.993513
0.979502
0.980791
0.994125
1.00269
0.990641
0.949936
0.940687
0.979153
0.95433
0.997814
0.967742
1.00413
0.988875
0.934998
0.949605
0.921889
0.955473
0.942057
0.952412
0.931702
0.944368
0.962614
0.946972
0.977651
0.993357
0.965522
0.959765
0.981525
0.933026
0.978612
0.988937
0.982164
0.940801
0.924337
0.911819
0.912986
0.901023
0.894457
0.889709
0.88697
0.913201
0.944299
1.00108
0.979834
0.990438
0.988326
0.957614
0.952542
0.980868
0.949064
0.930047
0.998018
0.985008
0.958552
0.978966
0.973047
0.960765
0.971355
0.966273
0.952434
0.941352
0.965506
0.927832
0.934977
0.999988
0.999483
0.967425
0.957163
0.953234
0.955994
0.969222
0.952093
0.996521
0.988176
0.964181
0.95996
0.955143
0.935608
0.92819
0.922714
0.950726
0.945356
1.00212
1.00086
0.974969
1.02062
1.00122
0.943304
0.951841
0.970262
0.957223
0.957337
0.995502
0.986486
1.00221
0.976649
0.97443
3.59253
0.967261
0.975691
0.948638
0.989995
0.95847
0.977519
0.957221
0.988776
0.925275
1.29783
2.55119
2.46809
2.45224
2.45076
2.01332
1.148
1.18472
1.11704
1.23964
1.31868
1.30432
1.30518
1.28557
1.25104
1.26276
1.21298
1.263
1.21849
1.23639
1.21039
1.20292
0.973812
0.979949
0.974406
0.991625
0.946698
0.931737
0.907399
0.923926
0.941143
0.89178
0.922391
0.94186
1.01479
0.937129
0.911795
0.948954
0.91352
0.916913
0.928034
0.928596
0.91049
0.923114
0.961768
0.922646
0.932584
0.946396
0.944244
0.936955
0.94463
0.990913
0.922687
0.952918
1.01699
0.991688
0.941654
0.95364
0.917249
0.953329
0.918344
0.927293
0.919736
0.915961
0.952602
0.956739
0.929462
0.95318
0.983151
0.993717
1.00115
0.964686
0.966805
0.97921
0.965916
0.987928
1.03589
0.972945
1.00084
1.03259
1.04032
0.958621
0.996684
0.977104
0.946441
3.38995
1.05285
0.98857
0.979014
0.973044
0.983303
0.951194
0.995361
1.00526
0.986801
1.00737
0.997087
0.97657
0.968188
1.0115
0.976287
0.983568
0.978759
0.981311
0.997904
1.02707
0.986817
0.991002
0.976427
0.962823
0.975136
1.02587
0.980244
0.971241
1.03136
0.984182
0.973777
0.952381
0.95815
0.980679
0.928535
0.962814
0.986794
2.66438
2.53573
2.45286
2.39713
1.24335
1.24931
1.23791
1.23701
1.22581
1.23809
1.22121
1.23105
0.999256
0.972719
0.976323
0.985825
0.962857
0.964504
0.998204
0.992064
0.96688
0.980489
0.966005
1.0603
1.00269
0.979768
0.983511
0.967928
0.986798
0.977911
0.980691
0.97591
0.963351
0.98045
1.03974
0.931131
0.945677
0.959213
0.951449
0.938475
0.966138
0.951884
0.933585
0.965746
0.9686
0.935846
0.931484
0.954158
0.911094
0.918653
0.899304
0.93226
0.919963
0.927833
0.929716
0.949703
0.936516
0.985597
0.955551
0.982626
0.957925
0.939674
0.905086
0.936329
0.952747
0.962766
0.932382
0.955339
0.970845
0.931455
0.965967
0.971026
0.958667
1.22915
0.958741
0.9362
0.964277
0.959249
0.941928
0.977446
0.915379
0.904177
0.920013
0.909473
0.952424
0.92535
1.00256
1.04957
0.977741
0.967084
0.988784
0.956541
0.973068
0.980883
0.967195
0.941894
0.96496
0.948295
0.954663
0.908304
0.946921
0.970551
0.944628
0.965751
0.949485
0.952919
0.955671
0.996896
0.934687
0.960618
0.947494
0.952043
0.945547
0.881551
0.89801
0.922179
0.90889
0.942549
0.94059
0.948941
0.944846
0.995124
0.933679
0.920652
0.974613
0.965929
0.909899
0.930037
0.925657
0.961775
0.912146
0.905401
0.923041
0.975733
0.933062
0.935307
0.871141
0.93979
0.940223
0.984056
0.90786
0.943623
0.948916
0.979785
0.900677
0.920781
0.959102
0.940975
0.942656
0.930143
0.948321
0.947794
0.949684
0.958454
0.920556
0.963975
0.915495
0.977628
0.972855
0.950859
0.95946
0.935172
0.957992
0.931429
0.959972
0.937133
0.912351
0.904542
0.957485
0.942554
0.950247
0.951341
0.935712
0.917259
0.924588
0.91387
0.903526
0.922554
0.908001
0.995941
0.936
0.925702
0.93759
0.952908
0.991004
0.947466
0.930904
0.948446
0.96461
0.935088
0.954813
0.956763
0.917078
0.964008
0.92957
0.953557
0.941024
0.954883
0.946112
0.965212
0.95777
0.95558
0.948701
0.929727
0.948063
0.9572
0.923001
0.923474
0.923551
0.898198
0.964254
0.950482
0.930629
0.933801
0.92601
0.933041
0.956488
0.916536
0.953792
0.950169
0.901801
0.928082
0.900181
0.91532
0.971527
0.953659
0.964089
0.920382
0.915556
0.924411
0.935847
0.950373
0.94655
0.898831
0.935326
0.959345
0.944654
0.919315
0.931417
0.908599
0.935088
0.924448
0.908851
0.926965
0.898082
0.896192
0.95306
0.909167
0.897348
0.927989
0.901406
0.923635
0.926352
0.949781
0.975317
0.952347
0.953217
0.937217
0.950698
0.912942
0.930738
0.913327
0.891596
0.947684
0.917252
0.954139
0.940231
0.966192
0.976503
0.959729
1.00147
0.990497
0.963687
0.946111
0.996557
0.987193
0.988602
0.964785
0.965442
0.9921
0.985138
0.939152
0.959385
0.95381
0.940832
0.973847
0.93321
0.977832
1.01727
0.976275
0.990436
0.95771
0.944698
0.937781
0.936207
0.999265
0.999733
1.87108
2.63969
2.46082
2.45919
1.68933
1.64001
1.62896
1.65874
1.60342
1.66477
1.03181
0.975861
0.983694
0.981024
0.988758
0.937897
0.949067
0.944815
0.95403
0.953709
0.934376
0.948481
0.960414
0.992358
0.999604
0.951621
0.972287
0.954194
0.956228
1.02096
1.02742
1.01001
0.981799
0.94951
0.923512
0.952289
0.947704
0.959175
0.994876
0.99976
0.976653
0.970806
0.937717
1.01212
0.976453
0.96602
0.995779
0.992108
0.967904
0.96164
0.951361
0.992882
0.988846
1.02193
0.957227
0.966619
0.951754
0.955798
0.955556
0.952185
0.947298
1.08631
1.74568
1.77493
1.70634
1.67074
1.74667
1.37241
0.950126
0.964092
1.00017
0.997274
1.00012
0.996676
0.973216
0.967743
0.999735
1.01005
1.01715
1.01955
1.02219
0.990811
1.00238
0.976028
0.992075
1.00161
0.995141
0.964055
1.00257
0.964888
0.968893
0.976694
0.995592
0.975841
0.992515
0.970469
0.98787
0.997895
0.999889
0.996599
1.01054
1.01038
1.00431
0.972216
0.970456
1.00279
0.979274
0.987372
0.99776
0.992478
1.07154
1.0093
0.99097
0.974267
0.936306
0.951779
0.956175
1.00714
0.994065
0.966873
1.14143
1.03729
0.990642
0.97265
0.972452
0.978396
2.33974
2.49644
2.54446
2.42727
2.3721
1.07966
1.01641
1.04046
1.04558
1.04264
1.05695
1.03547
1.04054
1.06133
1.02249
0.945092
0.942206
0.944873
0.955161
0.968831
0.923461
0.92835
1.28832
2.64699
2.5635
2.47013
2.50052
1.76138
1.05628
1.04905
1.1357
0.957623
1.01026
0.975304
0.996363
0.993152
0.983049
0.972936
0.969859
0.896344
0.956821
0.943342
0.930879
0.906176
0.901211
0.899603
0.963052
0.912176
0.940592
0.945039
0.933791
0.946374
0.959734
0.93925
0.93148
0.922185
0.955712
0.941654
0.93901
0.948065
0.973277
0.969412
0.968871
0.957203
0.924423
0.942758
0.936396
0.944124
0.911975
0.957929
0.913094
0.934275
0.935713
1.00916
0.987398
0.975995
0.953872
1.07333
1.06038
0.983537
0.999341
1.00203
1.03935
1.00516
0.98654
0.990613
0.981659
0.991971
1.0076
0.968548
0.976213
0.994466
0.971272
1.00259
0.977383
0.980322
0.980955
1.01472
1.01626
0.981961
1.3236
1.01083
1.0176
0.97252
0.98909
0.994046
0.98101
0.998407
1.00217
0.985529
0.982106
0.98798
0.980326
1.00278
0.986213
0.97839
0.998347
0.965884
1.00592
0.991629
0.957583
1.30133
2.57851
2.57782
2.44813
1.4959
1.5258
1.71056
1.53015
1.5099
1.49164
1.05057
0.993998
0.993649
0.985273
0.959591
0.993381
0.973797
1.00758
1.00648
1.02049
0.999537
0.97789
0.973829
1.00035
1.00514
0.957872
0.965998
0.989817
1.00877
0.958798
0.937489
0.957471
0.928151
0.928166
0.944844
0.931367
0.936623
0.957212
0.927799
0.942659
0.92046
0.928551
0.957733
0.956389
0.934082
0.94805
0.90627
0.918008
0.946624
0.942312
0.941395
0.925056
0.959185
0.965984
0.948497
0.950589
0.967106
0.97713
0.941753
0.947468
0.957196
0.953383
0.935359
0.910503
0.944624
0.932315
0.944773
0.938562
0.9261
0.915591
0.944729
0.909014
0.914274
0.941087
0.921151
0.936576
0.946672
0.947947
0.95203
0.943717
0.913086
0.930776
0.94794
1.16523
1.06278
0.991822
0.9616
0.946569
0.968891
0.989269
0.9608
0.957703
0.930608
0.917033
0.986443
1.01204
1.00589
0.983384
0.94718
0.980363
0.987176
0.981668
0.961887
0.99595
0.984031
0.973548
0.978234
0.997817
0.976936
0.967329
0.9744
0.982765
0.984026
0.954405
1.83536
2.55328
2.49641
2.56546
1.67066
1.24112
1.25812
1.21564
1.16361
1.18514
1.17072
1.17163
1.10895
0.915772
0.944834
0.941043
0.945232
0.939054
0.93273
0.948072
0.936931
0.915648
0.925862
0.944499
0.923501
0.912954
0.946625
