8.7394
4.77661
2.96259
3.01189
2.46229
1.97529
1.20593
1.25275
1.19262
1.18376
1.22024
1.23811
1.16663
1.13016
1.25124
1.27094
1.28675
1.23558
1.23411
1.2064
1.23515
1.24987
1.22199
1.19355
1.26664
1.28584
1.24903
1.27883
1.2588
1.26237
1.28542
1.27993
1.2217
1.26489
1.25093
1.26724
1.26357
1.24645
1.23358
1.24477
1.21002
1.22271
1.21929
1.23939
1.27146
1.21159
1.23896
1.21069
1.199
1.22188
1.25571
1.2059
1.24564
1.20422
1.23567
1.21463
1.21863
1.21182
1.21633
1.22983
1.21392
1.2377
1.14671
1.22558
1.21341
1.21652
1.21068
1.16875
1.10045
1.19819
1.22533
1.22349
1.24735
1.19399
1.22446
1.28251
1.22236
1.24898
1.20037
1.20204
1.22624
1.22587
1.49822
2.60598
2.52274
2.18376
2.13432
2.12193
2.10067
2.00809
0.945914
0.991919
0.987194
0.976198
0.969381
0.968587
0.958472
0.944396
0.935331
0.954606
0.972297
0.987537
1.00557
0.966542
0.991118
0.970509
1.00808
0.981067
0.97915
0.968277
1.00267
0.993017
0.941566
0.965373
0.985333
0.980182
0.912042
0.946446
0.920605
0.963839
0.976073
1.00492
0.977648
0.967418
0.970203
0.952586
1.00297
0.947955
0.925758
0.949924
1.00726
0.96925
0.943154
0.930299
1.03877
0.939872
0.993992
0.961788
0.993176
0.951973
0.95015
1.0707
0.944062
0.957925
0.989338
0.937207
0.986316
0.98529
0.943766
0.984177
0.986087
0.982183
0.967632
0.942548
0.986279
0.960384
0.958914
0.980947
0.975855
0.995258
0.975868
0.973292
0.985561
0.948867
0.941513
0.971978
0.948818
0.98353
0.927456
0.954971
0.986435
0.952711
0.986952
0.953111
0.954256
0.982176
0.95099
0.949704
0.945629
0.928067
0.944142
0.948958
0.976647
0.946391
0.947848
0.992838
0.974218
0.970544
1.05407
1.02082
0.997001
0.967296
0.988676
0.98537
0.994218
0.993584
1.01564
0.994491
1.01329
1.01703
2.72086
1.21993
0.977723
0.974773
0.954007
0.947044
0.951313
0.947499
0.968384
0.941411
0.942182
0.987496
0.959189
0.940167
1.00296
1.01552
0.947079
1.02202
0.950441
0.962719
0.958477
0.949251
0.959248
0.97076
0.936657
0.945284
0.966493
0.996279
0.972767
0.981699
0.990243
1.00204
1.15822
0.967092
0.915685
0.935575
0.942853
0.975821
0.94046
1.05255
1.02472
1.00164
1.03501
1.00498
0.980773
1.00555
1.00081
0.992697
1.00185
0.972722
1.00093
1.03795
0.990316
1.02721
1.01621
1.02621
0.991133
1.02307
1.10425
1.05064
1.00117
1.00855
1.00103
1.00683
0.989414
0.941077
0.935175
0.965402
0.994173
1.00169
1.03689
0.918527
0.951272
0.986211
0.978812
0.971744
0.954394
0.994447
0.96903
0.915913
0.950868
0.995259
1.00248
1.01839
1.01852
1.00347
1.01782
1.02676
0.994791
1.01127
1.01293
0.992589
1.08351
1.02714
0.945276
1.04825
0.988382
0.941208
0.941883
0.917417
0.942723
0.937023
0.924448
0.950731
0.952762
0.941219
0.961072
0.94751
0.935326
0.944052
0.946453
0.969197
0.944295
0.99833
1.00159
0.986556
0.959172
0.981331
1.0327
0.96017
0.986139
0.968582
0.949588
0.979582
0.945998
0.974959
0.980582
1.01495
0.996818
0.97056
1.03204
1.0168
1.00954
1.00253
1.0179
0.991457
1.02265
1.29686
1.2725
1.28965
1.29098
1.27374
1.26128
1.2093
1.19767
1.21171
1.22365
1.20486
1.25444
1.21128
1.18903
1.23443
1.24298
1.23029
1.23394
1.22687
1.22457
1.22649
1.26182
1.25707
1.26779
1.28087
1.10489
1.2403
1.27909
1.23507
1.21873
1.23213
1.21148
1.22864
1.26029
1.22009
1.21154
1.23089
1.2305
1.23206
1.25328
1.26512
1.23028
1.24046
1.23578
1.25245
1.23483
1.22735
1.2556
1.26549
1.23719
1.23618
1.20525
1.21315
1.2185
1.24874
1.27272
1.26967
1.26893
1.28467
1.26002
1.26474
1.2591
1.24263
1.22928
1.25108
1.23774
1.24052
1.22556
1.24447
1.23842
1.25252
1.24979
1.26508
1.27282
1.22924
1.244
1.25666
1.25996
1.22212
1.20461
1.24072
1.22804
1.22271
1.21934
1.21006
1.27773
1.30133
1.24767
1.28573
1.29914
1.26236
1.24186
1.23716
1.25514
1.08335
0.950759
0.954166
0.954982
0.963437
0.94392
0.939245
0.925292
0.948677
0.967843
0.944242
0.985295
0.999397
0.966383
0.992791
0.940269
0.978529
0.996858
0.958064
1.10081
0.966107
0.928
0.916587
0.968189
0.924374
0.973675
0.995235
0.943469
0.959374
0.918108
0.931469
0.972935
0.970753
1.02138
1.01746
1.01737
0.997039
0.983449
0.999892
0.971919
0.959682
0.933264
0.988677
1.11449
1.23192
1.2373
1.21529
1.20288
1.22847
1.23775
1.21446
1.2216
1.20064
1.25101
1.23908
1.24147
1.0317
0.958168
0.993133
1.02955
1.05395
1.03768
1.05114
1.00451
1.00071
1.03559
1.00981
1.06591
1.03587
1.00584
1.12545
0.981311
0.973028
0.970584
0.959988
0.98844
0.955271
0.934263
0.988373
0.999117
0.969899
0.963827
0.983796
1.00829
1.01539
1.01206
1.05418
0.997888
0.986414
0.985571
1.01077
0.986403
1.00581
1.02239
0.9785
0.985117
0.991747
0.992721
0.995514
1.00951
0.982832
0.997992
0.965898
0.970916
0.967987
0.972876
1.00327
0.985769
0.983544
0.975233
0.964972
0.961938
0.962353
1.07018
0.965302
1.00387
1.00261
0.982112
0.973763
0.98629
0.981027
0.99214
1.07234
1.8382
2.48509
2.04287
1.79416
1.739
1.72482
1.78916
1.73733
1.01534
0.939652
0.935124
0.949242
1.01309
1.02842
1.04711
1.0606
2.27848
2.34412
2.2821
2.25156
2.14877
1.51903
0.90863
0.920015
0.941032
1.00149
0.996163
0.964739
0.917944
0.906332
0.957373
0.934331
1.0431
0.954995
0.924365
0.945852
0.93282
0.970177
0.968834
0.930961
0.907102
0.94586
0.934059
0.981831
0.949094
0.936718
0.940667
0.917894
0.91779
0.957321
0.931068
0.945735
0.946646
0.959904
0.969947
0.932312
0.947178
0.960098
0.950997
0.963236
0.954051
0.972776
0.968566
0.979615
0.947972
0.915955
0.936031
0.912197
0.924937
0.914086
1.19263
2.34515
2.32472
2.43305
2.36128
2.29017
2.00112
0.954745
0.947556
0.966206
0.932658
0.953668
0.946394
0.953361
0.957543
0.956405
0.953678
0.951332
0.971024
0.979451
0.966242
0.95698
0.958472
1.00711
0.944154
0.951665
0.971765
0.935185
0.995782
0.978454
0.95807
0.959143
0.963935
0.951518
0.966865
0.962428
0.951989
0.960962
0.934315
0.947341
0.943785
1.00705
0.953538
0.942654
0.952174
0.930859
0.946091
0.933402
0.950711
0.940389
0.973804
0.960158
0.949443
0.931212
0.99613
0.937938
0.947983
0.960153
0.948442
0.961862
0.948018
0.947974
0.933989
0.953052
0.955047
0.950209
0.912018
0.937446
0.937107
0.941635
0.975404
0.962734
0.922016
0.975985
0.935955
0.940559
0.932881
0.948541
0.95423
0.92602
1.03904
0.90876
0.966922
0.961012
0.926749
0.910521
0.947052
0.984829
0.986062
0.978493
1.01226
0.990162
0.97712
0.988546
0.966596
1.0066
0.957747
0.979753
0.981483
1.7695
2.55632
2.24856
1.08473
1.08165
1.14505
0.985023
0.979107
0.977264
0.896679
0.911209
0.925333
0.932799
0.980529
0.940914
0.945443
0.952872
0.97682
0.981217
0.956943
0.942021
0.93187
0.924235
0.971241
1.04314
0.968409
0.928965
0.927193
0.952453
0.946627
0.939668
0.988993
0.997104
0.988124
0.965241
0.98739
1.00177
0.984534
0.972227
1.02949
0.952164
0.957185
0.971787
0.973102
0.980805
0.965646
0.971299
0.994242
0.946531
0.9757
0.964051
0.965731
0.974482
0.976886
0.956924
0.979736
0.952129
0.949024
0.956189
0.947574
0.942374
0.967387
0.948798
0.91913
0.964453
0.974744
2.62719
2.66688
2.47675
2.60748
1.98411
1.09337
1.04884
1.04224
1.04597
1.02432
1.03289
1.02834
1.04424
1.02909
0.964395
0.994004
0.95132
0.974282
0.991445
0.96272
0.997767
1.00206
1.01183
1.02156
0.995722
1.00889
0.985549
0.984784
0.993047
0.966238
0.980399
0.991031
0.963584
0.958265
0.967773
1.02117
1.01085
1.00953
0.998705
1.07928
0.991809
1.01734
0.962513
0.985584
0.958183
1.01235
0.99996
0.974231
0.988111
0.953667
1.01851
0.937398
0.967011
0.95673
0.951763
0.946093
1.01124
0.974737
0.976459
1.01381
0.945435
0.974747
0.940752
0.918664
0.890041
0.915252
0.96832
0.944495
0.929315
0.945098
0.99574
0.955892
0.903028
0.883801
0.897765
0.874458
0.886392
0.942992
0.972085
0.92382
0.926376
0.916008
0.928995
0.964586
0.954232
0.889593
0.931083
0.939189
1.01636
0.972748
0.956528
0.960019
0.952671
0.930174
0.972017
0.94906
0.919926
0.984466
1.01011
0.964735
0.928777
0.957077
0.986507
0.999435
1.02781
0.970194
0.922482
0.94793
1.02675
0.994915
0.966595
1.0177
0.997248
0.994592
0.935864
0.963897
0.938767
1.00074
1.01875
1.04667
1.01734
0.962369
0.970785
0.989343
0.992377
0.987836
0.990089
0.960413
0.985184
0.984724
0.967468
1.01763
0.986843
0.986587
0.996773
0.982124
0.999013
1.0565
1.03023
1.04623
1.0406
1.02246
1.00341
1.08625
1.01582
1.03561
1.02437
1.02088
0.97393
0.959988
0.949926
0.960937
1.00008
0.927461
0.996371
0.944421
0.940973
1.00187
0.962249
0.997745
0.950443
0.957105
0.989402
0.97123
0.978601
0.972699
0.953335
0.94111
0.967968
0.964737
0.918548
0.967172
1.02003
1.06897
1.01811
0.962098
0.92516
0.938676
0.921471
0.938089
0.944248
0.92434
3.02633
0.932747
0.956007
0.974009
1.05342
1.0458
1.01491
1.04715
1.05746
1.04322
0.982873
0.984009
0.977218
0.963786
0.947108
0.968513
0.936599
0.954019
0.932495
0.969009
0.999595
0.974447
0.942323
0.938675
0.922138
0.906859
0.944193
0.952936
0.962643
0.941593
0.949839
0.96521
0.935856
0.899007
0.903885
0.911791
0.951528
0.945925
1.01721
1.04198
0.958735
0.991969
0.938183
0.950029
0.972065
0.9996
1.01809
1.05101
0.976378
1.02591
1.04633
1.02385
0.995468
0.991137
1.03538
0.971202
0.995438
0.996496
1.03556
1.00113
0.978782
0.970378
0.952959
0.97259
0.95595
0.924726
0.957404
1.03861
1.0239
0.994347
0.994546
0.970502
0.945564
0.993023
0.976097
0.962501
0.953533
0.955192
0.96513
0.934192
0.954578
0.946597
0.999378
0.938115
0.964147
0.945468
0.948441
0.973342
0.99676
0.975045
0.984161
0.981757
0.973083
0.935943
0.932906
0.946149
0.950074
0.941832
0.969026
0.985259
0.986012
0.982688
1.01228
0.973148
0.985286
1.005
0.984462
0.986029
4.60636
1.00673
0.97884
0.995689
0.985452
0.96398
0.957147
0.991689
0.986014
1.00813
0.982317
1.01452
1.02095
0.936935
0.961342
1.25515
1.29951
1.33033
1.28244
1.2922
1.27011
1.28059
1.24339
1.27583
1.25779
1.29788
1.24903
1.29671
1.35076
1.27586
1.28451
1.27029
1.29957
1.30416
1.27035
1.30041
1.28228
1.22447
1.22167
1.25099
1.23765
1.28888
1.24134
1.25345
1.25447
1.22961
1.28424
1.24275
1.28676
1.27376
1.28439
1.23399
1.23047
1.24603
1.24251
1.24079
1.20428
1.24443
1.26029
1.2761
1.2236
1.20454
1.22507
1.22665
1.2505
1.26434
1.29252
1.2685
1.2272
1.23063
1.24224
1.23805
1.27027
1.28488
1.2859
1.25006
1.22426
1.25172
1.21342
1.21618
1.24681
1.27078
1.27053
5.02887
1.20179
1.21239
1.28851
1.28948
1.44017
1.21268
1.19829
1.24441
1.2244
1.23201
1.28049
1.26936
1.22834
1.23655
1.21566
1.335
1.36134
0.999274
0.987593
0.982964
0.967742
0.997664
0.964259
0.967681
0.974491
0.969827
0.941826
1.00713
0.975518
0.992524
1.00799
0.963673
0.95852
0.980022
0.930763
0.963043
0.955373
0.938469
0.998418
0.982123
0.984193
0.983506
0.98986
0.955889
0.96769
0.97193
1.00067
1.00104
0.979957
0.981856
0.962686
0.957483
0.989163
1.00513
1.00502
0.974789
0.988413
0.988173
0.973534
0.960806
0.986521
0.964067
0.965742
0.989165
0.999467
0.990376
0.986863
0.978614
1.01274
0.994402
0.997615
0.989479
0.948457
0.947154
1.17519
0.944207
0.964982
0.963
0.959168
0.943435
0.971742
0.97614
0.994516
0.974964
0.955066
0.966941
1.00201
0.989839
0.991704
1.00573
0.986705
0.964252
0.959371
0.974575
0.975759
1.00291
0.988279
0.954494
0.971745
3.10329
1.05634
1.04097
0.97724
1.01864
1.004
0.925406
0.999587
1.03336
0.988112
1.0212
1.00293
1.00563
0.983764
1.00902
1.00183
0.983675
0.995853
0.972741
1.02968
1.01051
0.961586
1.01015
0.952254
1.01594
0.999175
0.989081
0.976554
0.97921
0.995121
0.997805
0.972991
0.957428
0.980789
0.931138
0.93373
0.98783
0.951682
0.977408
1.00979
0.999296
1.03698
0.989362
0.986182
0.965611
0.971175
0.965154
0.961068
0.958545
0.993704
0.990299
1.01008
0.951644
0.954022
0.983314
0.976419
0.984788
0.964886
0.959382
0.994906
0.987032
0.98379
0.993927
0.935085
0.959125
0.977063
0.940201
0.92293
0.998662
1.02518
1.00618
0.957554
0.959536
0.975731
0.976922
0.965748
0.973231
0.972917
0.974483
0.985813
0.992477
1.0406
1.05399
1.06828
1.01163
1.01402
1.00439
1.02581
1.03525
1.00366
0.965412
1.00078
0.959886
0.92761
0.912639
0.925978
0.909019
0.949034
0.92251
0.933045
0.949925
0.967212
0.962375
0.971638
0.967084
0.980031
0.966005
0.921253
0.946289
0.996509
0.996406
1.01012
0.979471
0.992086
0.972593
1.00482
0.969625
1.79315
1.04036
0.997371
1.08313
1.05222
1.04044
1.02582
0.997016
0.982289
0.999497
1.0283
1.04061
1.02314
1.03804
0.998005
0.982498
1.03736
0.990451
1.03293
1.02998
1.0328
1.06302
1.02865
1.07334
1.05707
0.990159
1.04883
1.00483
1.108
1.06177
1.0586
1.01606
0.991827
1.02242
1.02727
1.03488
1.02469
0.98992
1.02068
0.975358
1.02511
1.00942
1.04603
1.02087
1.02994
1.03291
1.01596
1.0503
1.05159
1.03713
1.0203
1.03706
1.05624
0.993898
1.03854
1.06354
1.0226
1.01524
0.956774
1.01069
0.969493
0.993648
1.0191
1.06096
1.02709
0.991782
1.01275
1.03333
1.04109
1.0445
1.07995
0.999226
1.02984
1.00728
1.02798
0.984805
1.06096
1.03444
1.07396
1.02858
1.04298
1.0212
1.04494
1.02164
1.05989
1.04448
1.02276
1.05239
1.00346
1.05788
0.991188
1.01777
1.0017
0.990786
1.00929
0.990215
0.978846
0.964846
1.01527
1.02954
1.04205
1.02754
1.08723
1.07128
1.01123
1.04617
1.02194
1.02528
0.97538
0.962951
1.0458
1.05446
0.993237
1.01336
1.04079
1.00191
1.04922
0.996571
1.02985
1.04313
1.04269
0.995775
1.03683
0.983139
0.975404
0.990649
0.992877
1.10878
1.03501
1.06457
1.03367
0.992717
1.04281
1.04882
1.03039
1.02219
0.994075
1.00372
0.955386
1.02192
1.02702
1.04733
0.995362
0.971666
1.00427
1.04292
1.03239
1.00034
1.00413
1.07519
1.04173
1.00833
0.935698
0.916218
1.07047
1.00636
0.974464
0.982979
0.986754
1.01092
1.05217
1.02251
1.03975
0.991473
1.01384
0.973953
1.04976
1.03961
0.977626
1.02618
1.03888
1.02955
1.00117
0.954024
0.972072
0.994444
0.97988
1.01509
0.973263
1.04689
1.03536
1.0381
1.0891
1.0182
0.978538
1.12484
1.03336
1.03904
1.04081
1.00189
0.96266
1.00489
0.997999
1.01661
0.977526
0.996747
0.968452
0.984779
0.950616
1.03271
1.06839
1.01576
1.00649
0.941465
0.960349
1.036
1.01079
1.04553
1.04925
1.03583
1.0394
0.972859
0.988959
0.991188
1.01305
0.963687
0.996903
1.03359
1.05014
1.03218
1.03523
1.00504
1.013
0.935686
0.964122
0.9935
0.97034
1.18217
1.03244
1.0088
0.983655
0.934948
0.933338
0.910458
0.90078
0.921281
0.965836
0.955788
0.923609
0.918031
0.966402
0.950192
0.926253
0.943102
0.908269
0.96062
0.972181
0.98018
0.955207
0.965127
0.907391
0.944122
0.902835
0.938625
0.906883
0.942423
0.991003
0.975645
0.978183
0.961179
1.0076
1.05578
1.07353
1.02335
1.08139
0.961604
0.970599
1.03107
1.02501
0.968783
1.04758
1.03707
1.01724
0.965407
0.981316
1.01195
0.972018
1.0033
1.01053
1.04538
1.06954
0.987982
0.98177
0.97529
1.00533
0.976543
1.01254
1.05205
0.998975
1.02983
1.03382
1.02105
0.996776
1.00403
0.993499
1.01879
0.981768
0.981962
1.01188
0.995082
1.02639
1.03848
0.986908
0.988482
0.980916
0.992702
0.976738
1.01779
1.02253
1.03906
1.11662
1.03395
1.02877
0.977595
1.04792
1.03218
1.0114
1.02006
1.01504
1.07619
1.00449
1.02626
0.996821
1.02963
1.0133
1.00824
1.04707
1.07983
1.02781
1.03381
1.01346
1.04228
1.03074
1.00053
0.977014
0.998185
1.01594
1.01325
1.01044
1.01501
1.0459
1.00303
1.03699
1.0008
0.999423
1.00253
1.09681
1.05323
1.00734
0.983687
0.93005
0.94303
0.995508
1.02152
1.03894
1.04073
0.97032
1.01287
1.05062
1.08098
0.998143
1.02607
0.980146
1.03144
0.956514
0.975374
1.13073
1.0301
1.02677
1.00966
1.04795
1.07414
1.05114
1.05556
0.995261
0.965328
0.980798
0.996426
1.01056
0.999747
0.999331
1.00648
1.00703
0.946081
0.975949
1.01312
1.00254
1.00502
1.01841
0.998878
0.983378
1.07351
0.984425
0.986852
1.01423
1.035
1.06936
0.954968
0.982055
1.04205
1.02691
1.015
1.01219
0.979594
1.02612
1.06661
1.02887
0.999733
1.02473
0.966716
0.919585
0.946278
0.986517
0.961546
0.960318
0.966817
0.931391
0.959334
0.970677
0.960754
0.962967
0.929505
0.912476
0.961138
0.969514
0.96704
1.01623
0.982383
0.974415
1.00089
0.99095
0.948837
0.97038
0.964364
0.936344
0.946964
0.948334
0.955438
0.97961
1.06567
1.02616
1.0473
0.984188
0.986014
0.996909
0.975554
1.07357
0.973637
0.961543
0.979589
0.974749
0.976597
0.96838
0.978271
0.945836
0.970376
0.969162
0.991384
1.23541
0.928865
0.938857
0.914306
0.928509
0.921454
0.932784
0.946113
0.947682
0.944178
0.959706
0.937863
0.934956
0.968388
0.941874
0.952896
0.954805
0.948262
0.969374
0.983017
0.98004
0.973939
1.00956
1.00562
0.990372
0.942491
0.909724
0.934102
0.943275
0.961189
0.973823
0.952209
0.949706
0.979663
1.0071
1.05844
1.08128
0.980222
1.0462
1.05197
1.01117
1.04626
1.03672
1.01674
0.9959
1.0597
1.02682
1.02471
1.00986
1.07584
1.00002
1.03459
1.06317
1.04678
1.01803
1.0407
1.0029
1.01681
1.02154
1.05612
0.999227
1.05665
1.0075
1.03303
1.03262
1.00112
1.03201
1.03329
1.01198
1.02633
0.990812
0.991967
1.05425
1.03165
1.01066
1.02423
1.00514
1.01999
1.02507
0.979834
1.02624
1.052
1.02625
0.997461
1.01326
1.03152
1.17219
1.0321
1.05141
1.01782
1.00166
1.06202
1.03344
1.0099
1.05209
1.05869
1.00439
1.07315
1.05749
0.98145
0.937327
0.920716
0.929854
0.934432
0.933626
0.961621
0.94838
0.970512
0.947581
0.962514
0.966122
0.976775
0.942046
0.955318
0.982016
0.969389
0.955763
0.95832
0.942998
0.971634
0.937416
1.06228
0.986996
0.96449
0.982615
0.997665
0.984377
0.968557
0.977423
1.00424
1.0326
0.969691
0.964247
0.96516
0.95403
0.970762
0.982359
0.991295
0.97464
0.956755
0.952625
0.974587
1.15462
0.936913
0.92976
0.93467
0.919686
0.945196
0.933843
0.899371
0.908655
0.899968
0.924154
0.911265
0.953318
0.919636
0.935069
0.955353
0.951351
0.948146
0.950291
0.982359
0.963769
