8.93259
3.40121
2.70712
1.85421
2.28746
1.91566
1.52873
1.04897
1.04474
0.997242
1.04258
1.08746
1.02382
1.00557
0.975667
0.977816
0.980538
1.33838
1.04715
0.976609
1.00706
0.97719
0.984208
1.02405
1.02173
1.00948
1.01504
0.9636
0.962636
0.981319
0.960688
1.00564
0.995718
0.951251
0.902293
0.999165
1.00864
0.947305
0.959817
0.926887
0.959825
0.963453
0.965184
0.956058
0.929185
0.933
0.970378
0.951609
0.943983
0.951516
0.948155
0.973631
0.958929
0.974607
0.960697
0.964058
0.967632
0.963774
0.959094
0.946676
0.952011
0.959688
0.994777
1.02481
0.946038
0.940265
0.944369
0.936585
0.951495
0.930515
0.941591
0.9303
0.956089
0.94702
0.936794
0.931635
0.96817
0.970218
0.958007
0.953617
0.938165
0.92596
0.9352
0.973912
0.950761
0.933432
0.951529
0.97969
0.967176
0.949472
0.959902
0.924047
0.921792
0.959036
0.95483
0.996129
0.948271
0.921906
0.952675
0.962656
1.00208
0.9522
0.957312
0.923032
0.896286
0.966557
0.957424
0.937446
0.98663
0.944451
1.00366
0.957413
0.948282
0.956588
0.984754
0.957852
0.957269
0.96587
0.949599
1.00027
0.960415
0.949264
0.94866
0.941797
0.937135
0.930809
0.935115
0.941613
0.996509
0.959653
0.976812
0.957315
0.951772
0.941425
0.941656
0.975857
0.930147
0.961708
0.955865
0.95358
0.989689
0.963268
0.934416
0.945634
0.947747
0.969247
0.952107
0.94644
0.929106
0.943821
0.982617
0.940811
0.946779
0.946637
0.941139
0.985151
0.960108
0.973071
0.955698
0.930323
0.953097
0.969765
0.942319
0.940383
0.945459
0.929876
0.957238
0.944526
0.939931
0.943159
0.946856
0.969007
0.938445
0.949743
0.966695
0.964567
0.987797
0.972656
0.936769
0.920533
0.989998
0.940339
0.956226
0.924896
0.950787
0.94343
0.952969
0.965505
0.943031
0.948001
0.976476
0.946376
0.977062
0.955742
0.954562
0.957497
0.987372
0.96306
0.961717
0.962789
0.882193
0.941042
0.973785
0.959132
0.917951
0.927584
0.908086
0.937047
0.987173
1.02897
0.967048
0.965893
0.937204
0.973419
0.915469
0.962017
1.00445
0.995781
1.02697
1.05413
0.988686
1.01046
0.970159
0.958645
0.906633
0.955662
0.929033
0.919744
0.929059
0.93579
0.922202
0.941355
0.930279
1.42624
2.54892
2.42104
2.05652
2.19395
2.11352
1.73125
0.939684
0.945474
0.96795
0.995633
1.68977
1.47704
1.29133
1.25521
1.24532
1.25718
1.26741
1.2132
1.29206
1.26241
1.28078
1.24484
1.25552
1.26381
1.27064
1.28249
1.27163
1.2651
1.2962
1.24682
1.22501
1.25049
1.19579
1.33145
1.32264
1.29287
1.27018
1.24283
1.26197
1.22582
1.21495
1.1965
1.22621
1.27235
1.2689
1.26276
1.30105
1.27101
1.27076
1.28998
1.32317
1.24036
1.27044
1.28402
1.25991
1.26088
1.26236
1.27709
1.27182
1.2324
1.26253
1.2704
1.25812
1.30531
1.25601
1.29126
1.26549
1.31865
1.28325
1.28042
1.30436
1.2427
1.27005
1.24167
1.22883
1.23018
1.22099
1.21561
1.24733
1.21772
1.75888
2.46292
2.45653
1.89381
1.67285
1.65554
1.63655
1.63136
1.58723
1.3841
0.910457
0.914166
0.923697
0.937824
0.90996
0.906039
0.934297
0.917458
0.936811
0.938567
0.933038
0.92923
0.962221
0.948335
0.928569
0.945134
0.93468
0.923556
0.95761
0.961909
0.942698
0.966502
0.989764
0.987815
1.03839
1.00319
0.988482
0.972408
0.987
0.986547
0.949022
0.973833
0.98037
0.976985
0.997397
0.99874
0.925414
0.99234
0.983602
0.985542
1.00488
0.993941
1.23919
0.984607
1.02953
1.01642
0.984132
0.982609
0.967593
0.979905
0.945148
0.966593
0.928663
0.951964
0.983965
0.938873
0.962251
0.931348
0.919283
0.933171
0.958495
0.946993
0.979597
0.954306
0.950816
0.969697
0.934826
0.934538
0.937419
0.937441
0.950999
0.956255
0.946545
0.951848
0.952003
0.964923
0.958046
0.951243
0.929703
0.958569
0.913297
0.941259
0.9641
0.945846
0.943258
0.940839
0.935908
0.93351
0.955049
0.928217
0.950263
0.949932
0.944453
0.955481
0.918763
0.946372
0.957442
0.946669
0.945496
0.952216
0.938973
0.963386
0.938038
0.934689
0.966475
0.95118
0.943358
0.94706
0.947732
0.959598
0.97203
0.945711
0.966816
0.967484
0.980363
0.955384
0.942728
0.945682
0.970389
0.930671
0.947577
0.953566
0.947897
0.940259
0.959243
0.946625
0.961812
0.937445
0.942856
0.943331
0.958086
0.942491
0.979697
0.949703
0.955444
0.961162
0.93064
0.967739
0.948141
0.947843
0.931519
0.948265
0.927945
0.963353
0.956664
0.947124
1.0068
0.970991
0.934317
0.962354
0.947144
0.969122
0.93689
0.952263
0.97286
0.943192
0.948788
0.94332
0.988406
0.984592
0.958138
0.952993
0.948909
0.957336
0.955606
0.956905
0.949392
0.93277
0.954117
0.928873
0.902642
0.92733
0.945418
0.950108
0.945235
0.913269
1.14007
1.29613
1.24834
1.38952
1.69769
1.63871
1.71096
1.30265
1.08132
1.10457
1.10448
1.08849
1.1061
1.10327
1.09906
1.11836
1.12021
0.935419
0.977311
0.944323
0.956576
0.953859
0.959224
0.959892
0.940861
0.94335
0.95429
0.94381
0.945186
0.933323
0.934117
0.926404
0.947118
0.929022
0.908896
0.925264
0.921553
0.939296
0.927245
0.913786
0.945163
0.921583
0.937343
0.936146
0.948939
0.948873
0.955305
0.953848
0.93078
0.952759
0.942234
1.33387
1.67586
1.67941
1.67328
1.6336
0.989643
1.01277
1.01103
1.00993
1.04313
1.01662
1.02371
1.02912
1.00854
1.02066
0.939228
0.930974
0.950505
0.933134
0.935876
0.952297
0.953567
0.928857
0.949199
0.916462
0.910182
0.931886
0.940245
0.913348
0.944593
0.946891
0.936222
0.921585
0.916931
0.934348
0.950015
0.937512
0.951852
0.937292
0.953668
0.945272
0.919975
0.943166
0.966042
0.974109
0.945987
0.943605
0.978433
0.971444
0.954701
0.953794
0.950195
0.949895
0.93618
0.925673
0.923418
0.92849
0.928488
0.919467
0.94172
0.95199
0.933765
0.950252
0.964221
0.94135
0.93006
0.926721
0.93594
0.943236
0.930798
0.938721
0.943384
0.919383
0.950598
0.922139
0.930765
0.950048
0.934159
0.953544
0.950997
0.938219
0.95376
0.943791
0.912259
0.978514
0.95661
0.942646
0.924182
0.944789
0.940407
0.993573
0.976145
0.940512
0.980097
0.95482
0.982444
1.06561
0.971465
0.91927
0.925056
0.921837
1.62769
0.937411
0.908462
0.941607
0.943701
0.932634
0.94022
0.915964
0.953184
1.01742
0.976916
0.971115
0.977061
0.940812
0.916886
0.961505
0.976615
0.964414
0.930732
1.09902
1.15289
1.02917
0.995726
1.05461
0.944796
0.925188
0.940941
0.906349
0.936233
0.926171
0.92219
0.933542
0.9554
0.934825
0.944266
0.937517
0.918873
0.946192
0.923371
0.927352
0.946587
0.972477
0.97195
0.923097
0.953886
0.956569
0.936538
0.95154
0.975482
0.963031
0.973896
0.967524
0.9643
0.947236
0.963143
0.962977
0.914031
0.97571
0.963582
0.970469
1.00351
0.996274
1.00098
1.01459
0.930372
0.93874
0.926592
0.965659
0.918784
0.907161
0.987546
0.923506
0.949317
0.941328
0.971155
0.953936
1.00332
0.955369
0.954059
0.950577
0.954542
1.24073
0.960199
0.928837
0.948189
0.898058
0.932033
0.938508
0.934602
0.918949
0.922336
0.933716
0.925104
0.93662
0.938618
0.915001
0.94233
0.927617
0.950066
0.997557
0.971897
0.975357
0.932865
1.00961
0.975577
1.06163
1.04387
1.02345
0.968661
0.965529
0.958787
0.960505
0.982432
0.960319
0.961184
0.949669
0.968602
0.958116
0.972375
0.960368
0.938
0.969049
0.95522
0.905687
0.922852
0.935559
0.922726
0.908832
0.954944
0.934103
0.91639
0.914713
1.51718
0.926318
1.78433
2.52938
2.43514
2.33348
1.05408
1.07887
1.04871
1.06191
1.01561
1.02827
0.994049
1.03723
0.995612
1.01733
0.928851
0.993187
0.965553
0.962739
0.964536
0.971069
0.96836
0.98886
1.59189
1.95937
2.0726
2.08008
2.08633
1.99398
0.961524
0.973598
0.950151
0.93653
0.946099
0.932525
0.950839
0.941229
0.934224
0.946297
0.931996
1.06976
1.08525
1.64928
1.69104
1.78963
1.91402
1.55758
0.94163
0.934365
0.962002
0.932227
0.943789
0.939422
0.935497
0.908819
0.917532
0.94758
0.960445
0.953925
0.955504
0.95852
0.976238
0.95639
0.92963
0.944046
0.948462
0.967801
0.954365
0.958572
0.947344
0.939247
0.965714
0.969159
0.950948
0.955789
0.944262
0.956743
0.953883
0.942961
1.18197
2.56433
2.13039
2.1861
1.68131
1.02876
1.08141
1.07284
1.05716
1.01743
1.05165
1.0489
1.06228
1.06522
1.00829
0.999704
0.97409
0.982539
1.02019
0.977622
0.981045
0.993368
0.997116
0.979463
0.980001
0.947331
0.97497
0.953553
0.950653
0.970201
0.943109
0.959495
0.972978
1.00561
1.00389
0.948758
0.951354
0.950526
0.954719
0.960459
0.961453
0.980912
0.950195
0.968254
2.33805
2.4181
2.45799
2.43783
1.81179
1.03291
1.0325
1.63619
1.64152
1.36261
1.33815
1.31115
1.26225
1.22874
1.26184
1.25828
1.25254
1.25509
1.25302
1.23255
1.00854
0.993312
0.957692
0.970209
0.961359
0.986417
0.945506
0.966121
0.967832
0.945255
0.95561
0.984284
0.966812
0.949507
0.944657
0.952404
0.950589
0.94034
0.956873
0.941855
0.984574
0.955714
0.934845
0.937408
0.959506
0.964173
0.936524
0.938382
0.949402
0.955117
1.00625
0.959573
0.933702
0.947478
0.950831
0.933345
0.925197
0.961309
0.963135
0.940866
0.950257
0.946569
0.947077
0.955395
0.946443
0.970089
0.948324
0.912254
0.957891
0.947419
0.95191
0.985433
0.981258
0.932536
0.973432
0.948022
0.955292
0.946009
0.945164
0.950853
0.938626
0.94787
0.945148
0.977089
0.988081
0.954183
0.935466
0.929918
0.922354
0.940285
0.934365
0.940788
0.931649
4.67745
0.942739
0.924331
0.963251
0.9419
0.950784
0.969862
0.95933
0.959489
0.950859
0.93266
0.950902
0.931701
0.949653
0.955971
0.929068
0.976192
0.987145
0.947863
0.950553
0.955725
0.944209
0.94409
0.931427
0.92705
0.972241
0.948798
0.944131
0.944529
0.944028
0.931874
0.952885
0.940353
0.937137
0.946369
0.944479
0.936367
0.970592
0.989189
0.945411
0.934448
0.938585
0.938378
0.941458
0.96028
0.937686
0.952548
0.941688
0.963208
0.914835
0.918261
0.94304
0.933178
0.948696
0.925433
0.948434
0.930992
0.937562
0.934681
0.917432
0.933022
0.903482
0.964388
0.932637
0.94626
0.95608
0.926315
0.947516
0.949316
0.954648
0.920823
0.975716
0.957473
0.982905
1.03268
0.979009
1.01806
0.999352
0.96933
0.973247
0.976449
0.956148
0.943338
0.926741
0.942223
0.941201
0.945323
0.948062
0.930216
1.02973
1.02163
1.03358
1.02149
1.00355
0.974114
0.969643
0.951913
0.998122
1.01269
1.0084
1.06557
1.00548
1.01891
1.04199
1.04377
1.0587
1.27178
1.20509
1.18979
4.72049
1.2552
1.17388
1.22139
1.21974
1.20128
1.23982
1.20758
1.21363
1.20566
1.20322
1.23129
1.24043
1.30281
1.3009
1.27363
1.30326
1.27538
1.2514
1.26143
1.32005
1.26323
1.26823
1.29804
1.2901
1.27647
1.27625
1.27286
1.26625
1.27454
1.26658
1.28694
1.26933
1.2615
1.29334
1.26881
1.29308
1.28159
1.28578
1.29524
1.29221
1.26849
1.27818
1.25359
1.29761
1.22812
1.22324
1.23998
1.28259
1.27522
1.29887
1.25719
1.25191
1.25912
1.23868
1.26319
1.28072
1.27053
1.27476
1.27278
1.26354
1.29956
1.28803
1.27532
1.27531
1.35926
1.28251
1.27911
1.25519
1.27008
1.30919
1.29225
1.31241
1.27743
1.25205
1.28324
1.2694
1.22017
1.23314
5.82971
1.29014
1.27565
1.29784
1.29346
1.28758
1.28705
1.27759
1.26854
1.26415
1.27376
1.29311
1.29358
1.25906
1.23026
1.23213
0.991645
1.01396
0.980139
1.08581
0.991258
0.982443
1.1317
1.23026
1.27044
1.28867
1.26677
1.29902
1.25667
1.28212
1.27182
1.22682
1.18759
1.26804
1.14592
1.20408
1.04538
0.941207
0.951848
0.904125
0.942102
0.976039
0.979767
0.96094
0.988381
0.978131
0.99952
1.00728
0.980076
0.997361
1.01014
0.958613
0.952398
0.9815
1.02059
1.01834
0.978151
1.0137
1.55303
0.985761
0.978241
1.03306
1.04529
0.990874
0.946837
0.997779
1.07781
0.97734
0.931434
0.975105
0.953291
0.958053
0.944957
0.95855
0.960352
0.974038
0.95375
0.945908
0.961827
0.95866
0.926243
0.982477
0.98714
0.97736
0.938236
0.956245
0.968185
0.935181
0.940242
0.962856
0.933358
0.979193
0.964672
0.947881
0.929302
4.01318
0.953133
0.958072
0.955384
0.929835
0.947296
0.965194
0.94406
0.955155
0.956959
0.94334
1.00108
0.93685
0.944408
0.937351
0.987491
0.981372
0.932578
0.937
0.95413
0.948677
0.957529
0.965312
0.950372
0.899065
0.91547
0.902095
0.919765
0.960349
0.935833
0.920896
0.89838
0.914429
0.922024
0.911565
0.912868
0.927356
0.927541
0.924061
0.946985
0.93261
0.954999
0.969401
0.936156
0.969074
0.932586
0.921446
0.944558
0.909379
0.91294
0.911831
0.887818
0.931079
0.96421
0.946202
0.951987
0.930426
0.950298
0.994007
0.955401
0.937622
0.939214
0.950173
0.955387
0.959411
0.947466
0.959079
0.956634
0.908807
0.934137
0.909479
0.960092
0.974364
0.945772
0.95242
0.943855
0.962726
0.952339
0.922972
0.904783
0.90543
0.904497
0.903815
0.92637
0.909814
0.918478
0.922298
0.916668
0.90775
0.922434
0.917232
0.916608
0.921703
0.912913
0.912458
0.925873
0.902266
0.935226
0.943783
0.906405
0.925113
0.911321
0.935313
0.936653
0.955357
0.956695
0.972695
0.966654
0.970584
0.973064
0.917222
0.920463
0.900264
0.911574
0.930219
0.904278
0.960939
0.926994
0.907582
0.949612
0.915995
0.91078
2.73569
0.911085
0.908229
0.91762
0.913034
0.914733
0.952335
0.934944
0.904367
0.926151
0.898274
0.941775
0.949153
0.952865
0.960853
0.939994
0.947254
0.958472
0.893023
0.907288
0.916377
0.913885
0.932384
0.915522
0.917446
0.927047
0.913771
0.924943
0.917613
0.910543
0.897838
0.897581
0.929565
0.909967
0.923366
0.934412
0.909507
0.944595
0.958639
0.95062
0.946037
0.965068
0.922903
0.897288
0.978302
0.971266
0.951855
0.942768
0.961508
0.964498
0.962784
0.937086
0.964066
0.961633
0.931918
0.926494
0.917534
0.900288
0.95821
0.946726
0.96287
0.92403
0.952282
0.916095
0.91394
0.911007
0.918105
0.942951
0.887327
0.93881
0.959788
0.946051
0.93736
0.943588
0.937265
0.9807
0.952526
0.944809
0.953104
0.933371
0.93334
0.964126
0.917633
0.936939
0.951957
0.938182
1.00505
0.931709
0.939778
0.961895
0.922666
0.885752
0.917655
0.931821
0.915969
0.922798
0.909997
0.917879
0.897782
0.912159
0.941926
0.935781
0.942363
0.985948
0.918156
0.916515
0.970758
0.959867
0.995953
0.969586
0.977738
0.970508
0.935041
0.924047
0.923377
0.955152
0.952699
0.952923
0.901724
0.915167
0.963939
0.969566
0.953216
0.918754
0.962237
0.960341
0.888863
0.946085
0.920787
0.905526
0.913608
0.927032
0.969948
0.989053
0.949959
0.933707
0.92909
0.956176
0.947167
0.963297
0.944493
0.945774
0.956421
0.959165
0.936064
0.97297
0.93404
0.934006
0.976149
0.947672
0.941775
0.928588
0.94204
0.976681
0.94657
0.92092
0.964257
0.933408
0.909089
0.933696
0.957083
0.920559
0.942991
0.945788
0.998997
0.955938
0.966294
0.937241
0.965878
0.953079
0.969552
0.9405
0.975442
0.952451
0.944527
0.948419
0.929693
0.945186
0.958962
0.945383
0.941324
0.919876
0.896639
0.945755
0.955842
0.928405
0.960934
0.965337
0.932563
0.945819
0.929065
0.954612
0.939481
0.958046
0.948626
0.959562
0.905523
0.957476
0.923706
0.922169
0.920934
0.943613
0.93108
0.959731
0.913725
0.949248
0.956529
0.95936
0.944799
0.905535
0.902445
0.910799
0.912874
0.918616
0.928313
0.917324
0.897385
0.926088
0.924059
0.940943
0.921041
0.921525
0.92222
0.903869
0.929725
0.963032
0.966365
0.93335
0.945427
0.943624
0.92514
0.953469
0.933522
0.974803
0.907426
0.949083
0.963663
0.95101
0.949346
0.971664
0.953478
0.908387
0.948551
0.95072
0.919567
0.948686
0.93251
0.970501
0.947756
1.09993
0.952357
0.947789
0.922702
0.945052
0.943799
0.953175
0.958333
0.945455
0.942802
0.951922
0.932073
0.966052
0.947122
0.931588
0.976463
0.95654
0.948027
0.94734
0.945247
0.957082
0.95429
0.948076
0.945348
0.905555
0.9262
0.919301
0.912256
0.915255
0.903909
0.91484
0.942474
0.959438
0.946442
0.94704
0.984949
0.961494
0.946293
0.914283
0.906416
0.936278
0.934631
0.965205
0.989171
0.933906
0.915776
0.926583
0.955131
0.956192
0.929671
0.94786
0.938601
0.936863
0.967401
0.942183
0.941961
1.00215
0.968504
0.93031
0.950047
0.973447
0.945138
0.934642
0.964824
0.946116
2.03743
2.45923
2.40815
1.78147
1.77762
1.75127
1.79706
1.77158
1.42612
1.00519
0.970693
0.968751
0.976035
0.978743
0.982572
0.972924
0.974238
0.97741
0.988427
0.985702
1.00646
1.01167
0.989438
0.986501
0.98814
1.007
1.00067
0.954593
0.958415
0.886911
0.923416
0.947885
0.913023
0.93968
0.935807
0.900783
0.904373
0.887794
0.898999
0.948617
0.93885
0.932307
1.00177
0.964606
0.981098
0.974739
0.958977
0.949783
0.983713
0.924929
0.976511
0.955663
0.960521
1.00395
0.910053
0.947307
0.944218
0.910423
0.942861
0.973672
0.913702
0.925765
0.910159
0.928124
0.945313
0.910714
0.900561
0.935059
0.922018
0.902254
0.930472
0.955437
0.953802
0.952795
0.924997
0.927908
0.930451
0.922646
0.946879
0.929882
0.928118
0.947464
0.910441
0.92207
0.909311
0.922294
0.911022
0.923496
0.911919
0.934014
0.949727
0.93539
0.932846
0.932017
0.931781
0.940426
0.926292
0.942464
0.970747
0.965451
0.958323
0.943374
0.978922
0.989926
0.964033
0.934912
0.961138
0.957889
0.927321
0.933363
0.914289
0.9209
0.989581
0.947761
2.32956
2.48554
2.50718
2.45413
1.7076
1.15271
1.15692
1.14028
1.12733
1.16339
1.14545
1.16443
1.15176
0.963724
0.961033
0.893353
0.942521
0.951052
0.914943
0.92996
0.969863
0.935598
0.964555
0.95677
0.937438
0.950567
0.97623
0.961587
0.981306
0.933633
0.917264
0.960277
0.973406
1.05201
0.957077
0.981576
0.989689
1.00561
2.61278
2.54871
2.87301
2.12016
2.13872
2.13026
1.85581
0.979079
0.978713
0.984385
0.976595
0.974979
0.980077
0.988774
0.969356
2.60639
2.55209
2.50298
2.53184
1.90919
1.32031
1.29621
1.30002
1.28478
1.27896
1.30383
1.28432
1.04716
0.988391
0.9378
0.937845
0.94464
0.938865
0.94813
0.956465
1.03649
0.947655
0.948333
0.994888
0.965308
0.979862
0.980558
0.962369
0.962796
0.958156
0.973715
0.980238
0.966621
0.993159
0.990702
0.984013
1.01055
0.981816
0.984242
1.00165
0.98369
0.997942
0.999685
0.989885
0.971094
1.01129
0.969206
0.978126
0.970118
0.973803
0.992126
0.980638
1.02186
0.995839
1.00144
0.981411
1.00743
0.964448
0.978004
0.971844
0.976555
0.986377
0.952352
1.0173
0.97266
0.954434
0.989908
0.975942
0.977706
0.966629
0.964992
0.958556
0.976738
0.984096
0.970049
0.986196
0.991535
0.976677
0.969511
1.00296
0.98639
0.971041
1.00216
0.981672
0.962721
1.00782
1.04893
0.987916
0.951483
0.911549
0.931309
0.956791
0.934594
0.914907
0.91389
0.930324
0.921032
0.927048
0.923157
0.934231
0.959087
0.937385
0.931176
0.939912
0.93273
0.943441
0.909093
0.960147
0.916149
0.946091
0.914039
0.926629
0.94665
