7.67675
3.50679
3.79599
2.45128
2.87115
1.64093
1.2162
1.23197
1.19625
1.18433
1.18484
1.2437
1.1528
1.58248
1.21938
1.20366
1.18717
1.21961
1.21514
1.21899
1.25484
1.28012
1.2555
1.23891
1.22284
1.24064
1.24013
1.27444
1.27609
1.23942
1.30609
1.2657
1.25821
1.24214
1.23174
1.27411
1.26357
1.22612
1.23129
1.21298
1.24019
1.234
1.20585
1.22372
1.26647
1.24298
1.21835
1.20647
1.25463
1.22579
1.19991
1.25058
1.22369
1.22614
1.19255
1.24246
1.24108
1.23757
1.23433
1.20809
1.21862
1.15064
1.18831
1.23217
1.22847
1.20206
1.24904
1.14962
1.12986
1.21291
1.18734
1.23925
1.24132
1.24951
1.21264
1.22877
1.2142
1.21686
1.19969
1.23758
1.22626
1.20841
1.06761
0.961291
0.952877
0.975988
0.94805
0.957962
0.912858
0.994058
0.986371
0.981404
0.982485
0.937146
0.963948
0.97926
0.93341
0.947671
0.970535
0.946488
0.983591
1.05855
0.97932
1.02199
1.02819
1.02094
0.957298
0.915077
0.944343
0.984213
0.976215
1.04342
0.971235
0.982138
1.0018
0.987723
0.969152
0.995628
0.983365
0.969216
0.96833
0.973602
0.996457
0.968668
0.950762
1.00574
0.979711
0.952586
1.01455
1.01368
0.968412
1.01523
0.994643
0.966443
1.00332
0.966882
0.934269
0.929671
0.94688
0.966148
0.95247
0.945975
0.987389
0.97751
0.980058
0.956702
0.971136
0.946566
0.963597
0.954397
0.990555
0.948094
0.918353
1.01351
0.968734
0.976072
0.969696
0.948179
0.969226
1.00878
0.982083
0.92095
0.96555
0.95826
0.982728
0.978508
0.995657
1.01378
0.97118
0.949216
0.998752
0.99234
0.945804
0.970373
1.00948
0.970707
0.93929
0.94309
0.918325
0.968419
0.977436
0.960187
1.00395
1.48415
1.4357
1.44674
1.43082
1.55538
1.52663
1.51513
1.33331
1.021
1.00632
0.965347
0.995705
0.972525
0.986107
1.0071
1.01362
1.00357
0.998415
0.958896
1.01074
1.25871
2.53601
2.34626
2.27452
2.15758
2.16319
1.99081
0.956632
0.960066
0.996895
0.975452
0.935971
0.959188
0.95703
0.978256
0.996526
0.943705
0.960799
0.932623
0.92907
0.976792
0.952556
0.945123
0.960935
0.928042
0.957774
0.947684
0.946438
0.958636
0.960477
0.960974
0.977552
0.950553
0.952775
0.957114
0.946879
0.965128
0.933345
0.943875
0.949806
0.939211
0.952264
0.960462
0.94728
0.945094
0.919028
0.921708
0.957966
0.940557
0.942042
0.95192
0.962453
0.948118
0.948301
0.953051
0.941318
0.982353
0.947309
0.945766
0.961929
0.967038
0.957072
0.953273
0.93245
0.958968
0.979567
0.947933
0.945273
0.945989
0.905715
0.955157
0.927344
0.94095
0.982196
0.931413
0.956804
0.965121
0.943179
0.957052
0.955464
0.960487
0.95873
1.00246
0.956993
0.939186
0.950647
0.950029
0.936299
0.971673
0.957632
0.948649
0.960157
0.95774
0.979359
0.946044
0.91852
0.967405
0.954456
0.951659
1.01246
0.950341
0.939272
0.936558
0.964056
0.973375
0.934037
0.944809
0.93178
0.954271
0.965707
0.945683
0.953858
0.947469
0.947178
1.02957
0.931798
0.944369
0.960405
0.995563
0.959114
0.914819
0.946172
0.9455
0.971973
0.960934
0.938838
0.947063
0.948195
0.954839
0.942727
0.927569
0.946151
0.964452
0.948408
0.957789
0.967413
0.974083
0.9828
0.950164
0.940266
0.935632
0.927928
0.965522
0.959919
0.915045
0.964978
0.938376
0.96664
0.948134
0.948568
0.942171
0.948123
0.948087
0.949597
0.951078
0.966467
0.990028
0.949605
0.965268
0.931748
0.936779
0.94491
0.954126
0.940661
0.951736
0.937276
0.958291
0.949268
0.97126
0.998985
1.08138
1.30856
1.27385
1.25679
1.23275
1.24965
1.24205
1.20624
1.22906
1.2105
1.2259
1.23223
1.22481
1.22125
1.23642
1.24042
1.21884
1.242
1.22492
1.26463
1.28762
1.25823
1.22993
1.23606
1.24446
1.26703
1.26636
1.26485
1.26795
1.26642
1.24815
1.28143
1.12344
0.950674
0.961504
0.989667
0.970822
1.0339
1.02398
1.03835
0.998976
1.0263
1.0296
1.02578
1.00558
0.999479
1.01582
1.00131
0.995934
1.03339
1.02468
1.01539
1.03675
1.0315
1.00394
0.99197
1.03907
1.00451
1.01047
1.01181
1.03431
1.02674
0.99778
1.01496
1.01691
0.994113
0.974183
1.01397
0.980562
0.983922
1.03622
0.979876
1.03335
1.0059
1.00468
1.03031
0.999352
0.991819
1.03747
1.01394
0.976849
0.983991
0.937472
0.960745
0.945519
0.965701
1.01066
0.978241
0.997776
0.97709
0.971104
0.962402
0.978517
0.952862
0.97841
0.969622
0.994329
0.993068
0.983995
0.997873
0.983315
0.960019
0.979373
0.994088
0.950595
0.953249
1.00519
0.982732
0.967732
0.964729
0.967039
0.962492
0.953505
0.959517
0.954701
0.948201
0.955386
0.983481
1.00255
0.987197
1.02746
0.966344
0.988913
0.957558
0.940963
0.972067
0.950272
0.943654
0.983204
0.959556
0.960824
0.969665
0.983034
1.0281
1.00786
0.952769
0.942091
0.949284
0.940752
0.953999
0.975963
0.952019
0.954978
0.938698
0.952471
0.991153
0.961054
0.958015
0.951741
0.978291
0.982722
0.987131
0.983678
0.951066
0.932931
0.972337
0.973205
0.932097
0.944383
0.969454
0.92886
0.957286
0.967179
0.946427
0.968151
0.94471
0.948832
0.989568
0.965297
0.97284
0.952333
0.956862
0.978393
0.988987
0.925156
0.992262
0.987691
0.978533
0.971236
0.955872
0.963469
0.990935
0.940446
0.998321
1.01287
0.980909
0.988191
0.991318
0.959621
1.01001
0.983502
1.00019
0.980834
0.982224
0.996328
1.04523
0.997962
1.00028
0.979542
1.01017
1.00248
1.02927
1.04733
1.05441
1.02419
0.981277
1.02146
0.989517
0.977177
0.970839
0.965393
1.01285
1.02906
1.04025
1.0669
1.01263
0.997425
0.9898
0.986161
0.971753
1.02024
0.977808
0.975028
0.989544
0.971419
0.98202
0.994168
0.972602
1.01962
0.988854
0.999435
1.01268
0.965896
1.21922
1.23302
1.22913
1.24549
1.22756
1.22823
1.20786
1.23281
1.22034
1.21798
1.2284
1.25993
1.17515
0.948678
0.936641
0.947046
0.944999
0.953617
0.94934
0.932612
0.954209
0.937246
0.940781
0.964414
0.943344
0.932662
0.956864
0.948427
0.953908
0.9507
0.946516
0.955517
0.927213
0.9295
0.939287
0.946669
0.94428
0.925808
0.961864
0.936376
0.956902
0.939195
0.944693
0.965066
0.946249
0.967832
0.920256
0.923377
0.941742
0.949552
0.946097
0.964371
1.00826
1.01246
1.01653
1.02135
1.0019
0.938584
0.950725
0.970216
0.944167
0.941928
0.949872
0.955667
0.960355
0.964549
0.949196
0.9347
0.955339
0.931686
0.946705
0.93548
0.950161
0.961908
0.947718
0.946241
0.955614
0.957281
0.961176
0.988515
0.951663
0.944566
0.954627
0.929633
0.946828
0.946881
0.941898
0.965848
0.933679
0.946276
0.960718
0.946466
0.954601
0.955636
0.932366
0.917242
0.944451
0.944441
0.935024
0.918795
0.94489
0.945632
0.947809
0.950414
0.961655
0.955862
0.920909
0.951768
0.945841
0.929992
0.969707
0.91014
0.937436
0.942956
0.918502
0.937872
0.948599
0.938819
0.953229
0.945979
0.94042
0.961971
0.950863
0.931635
0.977767
0.948387
0.928159
0.945401
0.986553
0.956734
0.969497
0.945039
0.944703
0.95633
0.9758
0.934839
0.994539
0.971979
0.953074
0.944174
0.938949
0.961568
0.960693
0.957189
0.941918
0.930106
0.94467
0.965615
0.961705
0.919555
0.95884
0.947709
0.953947
0.956426
0.9364
0.953876
0.950181
0.947911
0.940941
0.941012
0.92714
0.96484
0.921062
0.964242
0.947228
0.93901
0.947476
0.945668
0.972223
0.950363
0.94523
0.936409
0.957157
0.951481
0.943502
0.935099
0.947759
0.948868
0.9571
0.950414
0.954846
0.931844
0.948588
0.947853
0.929095
0.932426
0.956411
0.953596
0.956556
0.951089
0.945956
0.945375
0.934271
0.934691
0.945615
0.961807
0.945924
0.964957
0.963636
0.946145
0.956916
0.944753
0.952081
0.960607
0.929936
0.941303
0.94533
0.963169
0.927936
0.945334
0.947752
0.96821
0.943057
0.951835
0.965743
0.947665
0.947466
0.951211
0.933964
0.958767
0.943477
0.941452
0.956375
0.932522
0.956506
0.964239
0.950417
0.991408
0.992636
0.97793
1.00575
0.947526
0.929691
0.942442
0.946888
0.941798
1.01896
0.936488
0.944702
0.955237
0.931583
0.948215
0.932998
0.948197
0.927947
0.930093
0.946275
0.948953
0.936089
0.935929
0.984911
0.948655
0.960919
0.935165
0.948281
0.961362
0.975648
0.963986
0.983154
0.912381
0.945207
0.951779
0.94736
0.944047
0.983389
0.938476
0.950302
0.958019
0.950765
0.946561
0.939469
0.943982
0.96248
0.972827
0.928138
0.951552
0.95347
0.951668
0.95452
0.935209
0.94328
0.951439
0.939039
0.940657
0.959298
0.955707
0.933592
0.932369
0.980579
0.951468
0.945881
0.94877
0.95405
0.978088
0.930303
0.954149
0.945506
0.946955
0.952843
0.942525
0.958529
0.973728
0.9598
0.970049
0.932913
0.929844
0.958421
0.973924
0.938694
0.957794
0.977935
0.952958
0.940827
0.932546
0.946315
0.945861
0.979367
0.954387
0.932997
0.946772
0.938449
0.923275
0.947701
0.970656
0.949641
0.955276
0.943822
0.938694
0.938386
0.951566
0.920205
0.934158
0.946612
0.975582
0.960993
0.944026
0.961882
0.952399
0.934371
0.957964
0.950414
0.952904
0.946829
0.947775
0.959487
0.940869
0.927502
0.959423
0.938467
0.940802
0.921174
0.949233
0.927376
0.936409
0.928092
0.918336
0.956228
0.930458
0.922205
0.95407
0.987637
0.948796
0.944839
0.941541
0.963822
0.947096
0.94529
0.953955
0.946662
0.943254
0.93082
0.949186
0.963002
0.933592
0.951961
0.927953
0.93918
0.930071
0.935364
0.942477
0.930868
0.946572
0.944886
0.943579
0.962652
0.908224
0.949679
1.00935
0.948613
0.939483
0.979171
0.934522
0.945991
0.984984
0.943149
0.936018
0.942744
0.94942
0.935218
0.924758
0.947413
0.944696
0.955562
0.957301
0.949583
0.952103
0.936265
0.977001
0.953823
0.962718
0.942955
0.932755
0.921752
0.947259
0.948164
0.971853
0.937239
0.937103
0.954482
0.950766
0.950658
0.931068
0.947191
0.97267
0.948899
0.968048
3.73473
2.3109
2.22424
2.06972
1.63869
1.654
1.62176
1.68769
1.63098
1.38478
0.963019
0.95662
0.932513
0.95571
0.966341
0.950295
0.952323
0.966431
0.963523
0.981284
0.971448
0.966285
0.966274
0.960955
0.970927
0.983437
0.974691
1.00909
0.978349
0.973997
1.00951
0.993469
0.979221
0.955418
0.962762
0.942187
1.01347
0.98654
1.00481
1.00656
0.992906
0.980627
0.98052
0.986681
0.982889
0.984686
1.01746
0.966664
1.01069
1.00542
0.995178
0.960107
1.00007
0.982241
0.956051
0.99154
0.99202
1.00691
1.00107
1.01755
1.0118
1.00763
1.00506
1.02756
1.02156
1.01781
1.02896
1.012
1.02763
1.01068
0.970797
0.985688
0.993439
0.965101
0.96324
0.941106
0.961678
0.932855
0.961646
0.954901
0.934435
0.932724
0.939238
0.915066
0.929209
0.909323
0.940091
0.928611
0.936567
0.905903
0.928488
0.901196
0.937621
0.945435
0.938849
0.946809
0.935005
0.91834
0.943013
0.917204
0.920885
4.5017
1.00324
0.92598
0.964211
0.953715
0.941105
0.951435
0.951447
0.981274
0.979104
0.995983
0.968519
1.0067
0.950135
0.972783
0.934224
0.971409
0.988786
0.962817
0.979982
0.990345
0.976302
0.994587
0.994255
1.03999
0.967512
0.967632
0.985291
0.939675
0.980903
0.968943
0.963575
0.978588
0.99111
0.973426
0.944317
0.977116
0.960789
0.944968
0.989013
0.982679
0.960221
0.991725
2.58711
2.53814
2.06456
1.79959
1.81092
1.7991
1.79719
1.70246
1.00191
0.951318
0.995097
0.959051
0.961291
0.984164
0.974724
0.964108
0.971358
0.988011
0.975507
0.982196
1.03394
0.99637
1.00086
0.985088
0.971692
0.994167
0.973675
1.01381
1.0049
0.979934
0.980553
0.974638
0.998915
0.972139
0.979125
0.997804
0.964401
1.00744
0.986193
0.98222
0.980082
0.996163
0.958287
0.978929
0.988049
0.991513
0.97442
0.966308
0.973382
1.00299
0.993453
0.969278
3.66593
0.983772
1.03259
0.993339
1.00032
1.00834
0.967431
0.984919
0.999486
0.996501
1.00118
0.988552
0.961039
0.967392
0.985842
0.983058
0.986188
0.970443
0.960558
1.00659
0.973857
0.976022
0.981327
0.965571
0.949514
0.98126
0.973244
0.995434
0.99821
0.979698
0.964563
0.985817
0.992355
0.972647
0.95518
0.937445
0.994276
0.975003
0.958644
0.972007
0.986667
0.989387
0.935874
0.934772
0.99257
0.974857
0.979379
0.989223
0.957775
0.961511
0.994716
0.97292
0.970745
0.979399
0.957374
1.03206
0.982527
1.00963
0.984933
0.989534
0.983105
0.991659
0.974406
0.997027
0.994306
0.983829
1.003
1.02815
0.976519
1.00099
1.01125
0.984158
0.986276
0.925031
1.02416
1.02611
0.978934
1.02798
1.89585
2.59256
2.89696
2.10628
1.92783
1.93937
1.91619
1.63931
0.975802
0.952698
0.991174
0.995026
0.983507
0.971246
0.985005
0.972032
4.009
0.946168
1.01452
1.02138
0.976286
0.991539
1.00844
1.00429
1.00218
2.77354
2.72619
2.57271
1.88849
1.75823
1.72455
1.74342
1.7018
1.73814
0.999361
1.00047
1.02537
0.982931
0.982614
0.963308
0.983246
1.02113
0.977756
1.03384
0.992035
1.02813
1.02376
1.01171
1.03142
1.0005
1.02461
1.0521
1.01865
1.01092
1.01176
1.01011
1.02379
1.02883
0.994472
0.989618
1.02519
1.00558
0.98951
0.997428
1.01425
1.02267
1.00023
1.00583
1.02625
1.01399
1.01087
0.999803
0.977421
1.01426
1.01249
1.06396
1.01417
1.0085
1.02647
1.00198
1.03313
1.01833
0.995181
1.02196
1.00871
1.00357
1.04052
1.01986
1.02965
1.04309
1.00725
1.03515
1.01766
1.01353
1.02819
1.04146
1.05791
1.0435
0.971924
0.975735
1.00841
0.971735
0.96168
0.994519
0.995388
1.0206
1.01114
1.0089
1.00721
0.99852
1.01556
0.986567
0.971451
1.01154
1.03274
1.01459
1.01318
1.02402
0.978307
1.01162
1.01585
1.04126
1.20343
1.03253
1.00441
1.00454
1.01816
1.02243
1.02284
0.974187
0.951754
0.975274
1.01887
1.03234
1.03785
1.03083
1.03424
1.01601
1.02421
1.01192
0.997047
0.99673
0.99586
1.00897
0.97325
1.02354
1.01733
0.993002
1.05882
1.01004
1.04764
1.01476
0.995175
1.03366
0.989474
1.01999
1.04736
1.04029
1.01379
1.01281
0.984883
1.00567
0.998925
1.02822
1.01613
1.01217
1.00246
1.08053
1.03412
1.01463
1.01297
1.00757
1.0003
1.00026
0.998958
1.00433
1.00168
1.00616
1.01752
1.00544
0.969114
1.00998
0.966813
0.984031
1.06037
1.033
1.00976
1.02539
0.993381
0.995428
1.04103
1.01319
1.01215
0.999
1.03798
1.00508
0.995269
1.02778
1.00059
1.04691
1.05304
1.00549
1.01076
1.01001
1.01222
1.01083
0.987796
1.05617
1.0112
0.9727
0.988697
1.00709
1.03396
1.03141
1.02176
0.998319
0.980701
0.995512
0.974326
0.968998
0.999269
1.03197
1.00705
0.980451
1.00434
1.05032
1.01256
0.997386
1.02772
1.03061
1.02229
1.02015
1.00065
1.02315
1.00896
1.01276
0.999594
1.01904
1.00973
1.00402
0.991653
0.994322
0.991378
0.988528
1.01184
1.01625
0.953193
0.999391
0.995499
2.80182
2.56796
2.51441
2.50493
2.46134
1.73773
1.05295
1.04184
0.990811
1.0347
1.06054
1.04028
1.05259
1.09986
1.05465
1.02952
0.995526
0.972771
0.974555
0.941083
0.946999
1.03156
0.970728
1.01708
0.997521
1.00847
1.00902
0.985641
0.976343
0.98662
0.966073
0.968441
0.968581
0.949706
0.986812
0.992194
0.985455
1.02446
0.969499
0.947436
0.992235
1.00674
0.956738
0.986523
0.979558
0.992154
0.991713
0.977642
0.972887
0.946682
0.947665
1.01134
0.976107
0.978944
0.996715
0.986714
0.994705
0.980645
0.942792
0.960094
0.945812
0.93909
0.925732
0.937924
0.943942
0.96139
0.939118
0.941448
0.999169
0.978323
0.929908
0.964397
0.942878
0.957997
1.00143
1.01716
1.03523
0.989106
1.0137
0.986445
0.980354
0.971364
0.999536
0.949011
1.01186
0.964459
0.973419
0.975346
0.979019
0.969349
0.953433
0.969497
0.957818
0.955928
0.942177
0.993842
1.01215
0.991642
1.00287
0.983169
0.976854
0.978142
0.981868
0.992535
0.965774
1.5531
1.07764
0.971776
0.963709
0.960064
0.978857
0.975464
0.977901
0.976036
0.992795
0.983991
0.9923
0.958342
1.00571
0.948957
0.95953
0.94945
0.927966
0.941413
0.942626
0.942711
0.938277
0.976329
0.983307
1.01666
1.01128
1.06842
0.978116
0.978358
0.945309
0.992088
0.96837
0.976677
0.997118
0.97558
0.969304
0.961276
1.04947
1.28615
1.00151
1.01247
0.996293
1.01736
0.977111
0.974317
1.08094
0.980035
0.998604
1.01408
1.04769
0.972394
0.941465
1.00783
0.96359
0.981298
0.945197
0.917723
0.892989
1.00642
0.960686
0.983122
1.01199
0.971889
0.971305
0.987634
0.972172
0.972825
0.992467
0.997806
0.999566
0.988702
1.0089
1.02372
0.955996
0.964335
0.981921
0.978411
1.00165
1.00162
0.976995
0.990432
0.95641
0.982884
0.976511
0.968469
0.989744
0.99416
0.988406
0.982097
1.01291
0.978124
0.990668
0.991113
0.978983
0.964481
0.977941
0.960144
0.961251
0.994325
0.981248
1.00559
0.989699
1.00427
0.98588
0.949048
0.978352
0.987445
1.0086
0.960287
1.00082
0.987318
0.965619
0.958432
0.993634
1.01423
0.979003
0.973906
0.950345
0.93583
0.925752
1.0176
0.978813
0.966812
0.944752
0.94755
1.00143
1.00286
0.983165
0.995849
0.97355
0.991302
1.01439
1.00749
0.97608
1.01704
0.9992
0.961022
0.970309
0.921943
0.963122
0.955319
0.999775
0.987018
0.946973
0.994149
0.994578
0.956311
0.947076
0.944853
0.947374
0.952115
0.997343
1.0001
0.991008
0.98577
0.964855
0.954996
0.941383
0.960259
0.956891
0.993871
1.02422
0.988927
1.02508
0.986749
0.950165
0.94544
1.01197
0.98623
0.970654
0.962671
0.959905
0.986592
1.006
0.979885
0.997281
1.0054
0.970574
0.95676
0.984276
0.988562
1.00188
0.963587
0.95916
0.98642
0.973545
0.939663
0.94565
0.976758
1.0077
0.98018
0.999781
0.987057
1.00747
0.975703
0.983659
0.970998
0.974442
0.966105
0.999281
0.996268
0.955142
0.979973
0.988724
0.979302
0.988626
0.998861
0.946279
0.978627
0.918812
0.92604
0.941224
0.925632
0.919648
0.911993
1.00358
0.963933
0.975947
0.983189
0.991546
0.995565
1.00928
0.968932
0.972426
1.20277
0.942145
0.924982
0.892638
0.901339
0.91516
0.906229
0.917171
0.904587
0.923381
0.924615
0.934786
0.930022
0.957298
0.918819
0.946042
0.941686
0.915273
0.955291
0.962699
0.959128
0.956846
0.971481
0.990182
0.969125
0.9633
0.947639
0.909854
0.93892
0.991313
0.979436
0.967345
0.997239
1.01835
0.969705
0.985217
0.998766
0.984238
0.98218
0.963101
0.972158
1.00082
1.01358
0.986335
0.984122
1.00306
1.03225
0.953368
1.00062
1.00845
1.06801
0.987299
0.950074
0.983439
1.00502
0.968223
1.01041
0.979291
0.917373
0.910168
0.922106
0.955931
0.959061
0.972467
0.966644
0.954037
0.947864
0.947397
0.952556
0.946766
0.959874
0.962284
0.955694
0.957283
0.977737
0.945714
0.943664
0.938202
0.93933
0.944443
0.962869
0.93754
0.927936
0.894845
0.901306
0.912685
0.955736
0.943295
0.978739
0.955844
0.943022
0.971322
0.938208
0.963419
0.961361
0.937104
0.970658
0.921596
0.937669
0.93959
0.945384
0.917695
0.928416
0.911158
0.934516
0.959695
0.932084
0.941483
0.948285
0.949375
0.90705
0.966536
0.900565
0.918168
0.906194
0.919207
