14.459
5.52812
5.19187
3.32249
3.40599
3.51247
3.46002
3.51843
3.4685
3.50353
3.51938
3.45241
3.48391
3.43746
3.38109
3.50365
3.39793
3.36687
3.57007
3.50065
3.48622
3.43272
3.43778
3.54637
3.46966
3.41232
3.49608
3.45813
3.41892
3.38019
3.43873
3.47029
3.76426
3.54636
3.54767
3.4678
3.63036
3.60268
3.52999
3.21651
3.36171
3.53775
3.40146
3.28252
3.26792
3.14014
3.21497
3.33309
3.24238
3.24015
3.36003
3.33242
3.33764
3.24133
3.31827
3.20557
3.2976
3.18101
3.01823
69.2911
7.9324
5.51812
4.43907
4.13465
3.56365
3.55068
3.46576
3.73337
3.55229
3.3671
3.45101
3.50278
3.57268
3.47886
3.49497
3.64214
3.49173
3.57548
3.50727
3.63372
3.54368
3.51162
3.50834
3.46645
3.38416
3.35876
3.45408
3.3293
3.52903
3.37516
3.41108
3.3906
3.53796
3.447
3.45765
3.40958
3.53477
3.42078
3.43523
3.49672
3.45509
3.30037
3.46157
3.45532
3.54681
3.36758
3.52578
3.53296
3.5393
3.54014
3.49348
3.43562
3.58736
3.47965
3.58301
3.43736
3.61398
3.6005
3.51591
3.43517
3.67239
3.5361
3.40139
3.61108
3.59153
3.49703
3.44658
3.55031
3.46828
3.42486
3.38475
3.37214
3.5373
3.43423
3.4975
3.48826
3.57569
3.47027
3.54919
3.40867
3.42854
3.50072
3.81788
3.23989
3.45134
3.4623
3.4612
3.48503
3.38044
3.48083
3.48545
3.36862
3.43376
3.42351
3.39953
3.51059
3.4652
3.48576
3.45379
3.46445
3.45363
3.49039
3.48298
3.43369
3.49559
3.47726
3.55161
3.47979
3.52969
3.3116
3.52611
3.44904
3.53165
3.43783
3.34457
3.5214
3.49662
3.47264
3.54505
3.4858
3.52787
3.48662
3.48739
3.45293
3.5177
3.42774
3.50304
3.48234
3.44854
3.39491
3.43293
3.38076
3.38751
3.44601
3.47681
3.41556
3.4524
3.46715
3.45398
3.44818
3.4696
3.54869
3.47341
3.57282
3.44355
3.43838
3.51605
3.5227
3.33385
3.4586
3.45118
3.47036
3.63379
3.39643
3.3993
3.40889
3.35273
3.40862
3.40977
3.41367
3.38845
3.44994
3.5009
3.4526
3.58474
3.50318
3.52767
3.55743
3.51594
3.54254
3.57725
3.53288
3.53948
3.62039
3.4892
3.54484
3.59298
3.48533
3.5468
3.65021
3.55755
3.46731
3.41914
3.48915
3.4521
3.50005
3.53339
3.62103
3.50945
3.39403
3.45652
3.45278
3.53804
3.28936
3.13938
3.31016
3.40042
3.196
3.06208
3.41584
3.47869
3.40757
3.13393
3.00248
3.33689
3.2628
3.15808
3.12687
3.24197
3.31528
6.21734
5.50698
5.16889
4.77278
5.0874
5.0882
5.14503
4.62491
4.81178
4.14991
2.85982
3.12185
4.86174
2.8862
2.91134
3.0681
2.79283
3.15007
3.25656
3.23556
3.07466
3.0483
7.05926
7.47317
4.82945
4.02001
3.80995
3.03006
3.15455
3.16886
3.28463
3.15068
3.29903
3.28789
3.22346
3.32754
3.11049
3.06853
3.14051
3.33856
3.29688
3.32317
3.29719
3.24451
3.2245
3.22912
3.29079
3.27798
3.22478
3.31219
3.31888
3.3085
2.70768
2.65366
2.55251
3.35972
3.30486
3.34718
3.36882
3.33812
3.39825
3.28488
3.27662
3.31384
3.30728
3.21611
3.22631
3.25625
3.20851
3.31369
3.34705
3.20378
3.13212
3.25956
3.31972
3.19545
3.32849
3.27528
3.38801
3.23752
3.24289
3.34757
3.21722
3.02052
3.14698
3.26733
3.30421
3.24433
3.07026
3.09256
2.89432
198.677
6.42841
4.22766
4.24213
3.27807
3.28475
3.20046
3.14051
3.18002
3.30199
3.2621
3.00148
3.00965
3.45599
3.24508
3.1933
3.31147
8.18969
5.11783
4.97164
2.89856
2.93276
2.87651
2.87671
2.85318
2.80938
2.79751
2.53051
2.66034
5.47691
2.95015
2.77411
2.8154
2.82067
2.79818
2.83314
2.77842
2.84418
2.85149
2.8991
4.3781
5.6376
4.64471
4.25
4.03532
3.01344
2.96849
2.92937
3.27843
3.34711
3.23657
3.31187
3.24227
3.31849
3.38037
3.34313
3.41724
3.28171
3.27502
3.34595
3.38067
3.29262
3.31301
3.33731
3.33552
3.24345
3.27718
3.49493
3.46667
3.30281
3.39409
3.29621
3.32939
3.3325
3.21238
3.35554
3.26
3.37189
3.30364
3.3212
3.34021
3.22687
3.40848
3.32547
3.21471
3.30954
3.45856
3.29143
3.26704
3.29689
3.2872
3.44591
3.29821
3.29335
3.39146
3.29461
3.69104
7.51923
5.40353
4.9171
3.23021
3.32001
3.29445
3.30172
3.2443
3.2538
3.31828
3.31938
3.36647
3.30588
3.40486
6.05399
7.40371
10.8516
4.76953
5.37747
7.3221
4.71107
4.24117
3.78549
3.33199
3.32339
3.45314
3.39109
3.37077
3.28482
3.42286
3.39594
3.31988
3.33823
3.32836
3.26901
3.31763
3.42552
3.31418
3.42796
3.45282
7.84536
6.08254
4.4177
4.45994
3.31387
3.3021
3.38828
3.31217
3.4356
3.45295
3.51309
3.31037
3.37382
3.34102
3.47995
3.314
3.39322
3.33414
3.31861
3.3656
3.26755
3.26485
3.31308
3.33425
3.32609
3.31846
3.32682
3.2755
3.32598
3.36764
3.47548
3.38389
3.38462
3.33571
3.26459
3.24987
3.29777
3.35773
3.416
3.37173
3.35503
3.34023
3.31338
3.3186
3.31447
3.27743
3.32837
3.27247
3.21986
3.26414
3.30713
3.26312
3.36715
3.32336
3.31749
3.33585
3.28797
3.27418
3.26021
3.24407
3.10524
3.26647
3.34134
3.32668
3.33693
3.30539
3.34576
3.40266
3.35859
7.8016
6.33957
4.11207
4.15222
10.6325
4.73423
4.67947
3.37268
3.29219
3.19628
3.26309
3.25061
3.44935
3.16979
3.3635
3.15114
3.27854
3.26867
3.36351
3.18305
3.30118
3.35011
3.4267
3.3169
3.28537
3.30146
3.27556
3.29593
3.36049
3.35971
3.36605
3.23187
3.27283
3.24249
3.24742
3.30297
3.37768
3.40032
6.36657
5.56915
4.93858
3.76574
3.15766
3.12868
3.31856
3.37487
3.30249
3.48907
3.40481
3.37011
2.99232
3.3978
3.37696
3.36202
3.31345
3.44608
3.32651
3.27983
3.26462
3.31464
3.33618
3.29956
3.37143
3.30464
3.28999
3.29964
3.34743
3.24214
3.26889
3.17665
3.37184
3.37532
3.2863
3.24119
3.31623
3.26253
3.21453
3.21392
3.18736
3.4286
3.50303
3.37955
3.36065
3.31813
5.94681
5.98484
5.10821
3.91967
3.32838
3.22811
3.30171
3.30126
3.50274
3.33861
3.2936
3.41624
3.29261
3.29173
3.24596
3.41128
3.34571
3.32658
3.49687
3.37296
3.27091
3.28328
3.36764
3.36668
3.32966
3.31846
3.30619
3.25658
3.33289
3.37015
3.53343
3.32551
3.30678
4.33148
10.6955
4.84782
3.43093
3.4376
3.41205
3.34325
3.37751
3.74527
7.71578
5.29809
4.4646
3.95275
3.48159
3.37352
3.41044
3.33008
3.37153
3.40641
3.35187
3.43494
3.35193
3.26906
3.3426
3.25339
3.47512
3.35019
3.34874
3.33095
3.45663
3.36088
3.3357
3.32465
3.28258
3.39882
3.34692
3.42584
3.39337
3.27759
3.34417
3.27439
3.26356
7.51823
5.66026
4.19408
4.06989
3.35216
3.25533
3.33528
3.2831
3.37988
3.3669
3.41092
3.32762
3.3853
3.39189
3.35745
3.30626
3.30737
3.33402
3.35498
7.64249
5.41307
4.57815
3.96916
4.51698
4.26395
3.38747
3.30957
3.24375
3.12978
3.03024
3.21946
3.17095
3.0898
3.30401
3.34581
3.33104
3.36138
3.25291
3.30166
3.15073
3.3737
3.39761
3.28339
3.28392
3.36941
3.32963
3.29959
3.34238
3.19383
3.20861
3.14667
3.31297
3.26577
3.36527
3.34586
3.38285
7.27497
5.52273
5.0637
3.30181
3.30787
3.2411
3.35134
3.22389
3.30135
3.35013
7.12173
3.27941
3.34656
3.36856
3.32574
3.32356
3.2829
3.23748
3.28084
3.42031
3.30784
3.34555
3.26386
3.26739
3.36839
3.35542
3.29517
3.25269
3.33814
3.25046
3.25473
3.24004
3.32805
3.27138
3.17113
3.24398
3.30873
3.26092
3.11902
3.13557
3.26423
3.37088
3.32081
3.33427
3.27388
3.45107
3.45715
3.25661
6.28292
6.26414
5.48132
3.41521
3.49884
3.37898
3.39798
3.3634
3.32448
3.36831
3.41672
3.37426
3.46695
3.42482
3.26751
3.34223
3.40503
3.32023
3.20655
3.32796
3.35273
3.33766
3.26927
3.37212
3.33907
3.23987
3.11252
3.07754
3.07175
3.30711
3.25974
3.27877
3.26365
3.39423
3.26667
3.28326
3.31178
3.32738
3.35704
3.31572
3.32558
3.45697
3.2918
3.41318
3.33658
3.36311
3.28998
3.37191
3.42987
3.48059
3.30285
3.38094
3.31387
3.3331
3.3322
3.35951
3.35186
3.4436
3.342
3.31658
3.40074
3.31976
3.22419
3.14092
3.2853
3.32834
3.29501
3.38404
6.82502
3.45951
3.40547
3.41147
3.20307
3.26749
3.32372
3.2906
3.28465
3.21176
3.31676
3.3755
3.33272
3.29017
3.21755
3.21334
3.2332
3.25474
3.33533
3.25303
3.18455
3.18158
3.37031
3.17896
3.40402
3.30946
3.34675
3.31486
3.28407
3.47338
3.27742
3.24966
3.36331
3.22643
3.25242
3.37401
3.28876
3.28142
3.30448
3.36496
3.07386
3.24906
3.19895
3.2133
3.3405
3.23475
3.29001
3.24176
3.31712
3.04921
3.3056
3.21384
3.2562
3.3703
3.35652
3.3158
3.39064
3.31888
3.16854
3.20196
4.00565
5.78479
6.44563
5.87593
3.4027
3.40334
3.32002
3.30525
3.23776
3.30425
3.26714
3.15478
3.15278
3.08759
3.19868
3.21832
3.18393
6.86338
5.72022
5.36078
3.29508
3.3718
3.38428
3.3719
3.33665
3.30325
3.22393
3.08988
3.15062
3.25994
3.15862
5.10499
7.65191
4.46609
4.11139
3.86034
3.15087
3.21889
3.33538
3.30692
3.16397
3.53588
3.28588
3.03796
3.11615
2.99933
3.09759
3.30389
3.21624
3.29769
3.28891
3.34664
3.2924
3.31909
3.22941
3.31358
3.26148
3.1538
3.19437
3.22158
3.04648
3.07133
3.18715
3.22547
3.1664
3.4131
3.36604
3.25249
3.31053
3.29091
3.21993
3.1884
3.20747
3.06046
3.18012
3.32712
3.36557
3.28538
3.34814
3.25842
3.25944
3.19923
3.22647
3.29089
3.24724
3.26261
3.2968
3.39569
3.36473
3.31814
3.28461
3.17064
3.30374
3.14444
3.20546
3.29494
3.29867
2.97463
3.43751
3.24831
3.17298
3.34295
3.38009
3.33983
3.42525
3.43626
3.41938
3.34083
3.45247
3.34269
3.46487
3.40564
3.31885
3.17595
3.29482
3.27177
3.2142
3.24543
3.09931
3.13191
3.27589
3.20837
3.27946
3.23689
3.17099
3.16836
2.8835
3.19714
3.17263
3.3375
3.18434
3.12856
3.16197
3.29853
3.06336
3.17475
3.06175
2.98803
2.93144
2.99281
3.25371
3.10346
3.16966
3.27812
3.35886
3.2486
3.11919
3.12112
3.36606
3.10992
3.30614
3.30741
3.29118
3.17811
3.2159
3.15653
3.1248
3.3466
3.3559
3.29746
3.24007
3.301
3.21402
3.3203
3.19932
3.20254
3.37979
3.29312
3.30746
3.31121
3.31216
3.32396
3.28381
3.27901
3.29552
3.37378
3.25335
3.26135
3.27289
3.35516
3.15432
3.34265
3.25446
3.19147
3.42801
3.26529
3.23273
3.24391
3.39483
3.36022
3.30189
3.14352
3.23828
3.22519
3.28303
3.27212
3.28475
3.32985
3.33782
3.36708
3.4144
3.38126
3.49641
3.38704
3.4918
3.3264
3.33339
3.3945
3.41641
3.34787
3.49465
3.45153
3.24743
3.16557
3.22554
3.19801
3.33584
3.28782
3.40474
3.416
3.46083
3.27879
3.30626
3.4626
3.33915
3.29564
3.34279
3.319
3.27682
3.31613
3.42141
3.42198
7.58845
7.69783
4.91294
4.04317
3.97335
3.91649
3.89124
3.98373
3.98982
4.00309
3.92139
3.90086
3.8642
3.47676
3.10564
3.51506
4.31241
4.19908
3.57768
3.36972
3.3365
3.35127
3.60124
3.44277
7.87168
5.99037
5.28123
3.41484
6.75346
7.73344
7.96294
7.57066
6.83452
4.13647
4.14641
3.44056
3.19039
3.24086
3.52531
3.3837
3.18089
3.28067
3.26551
3.31534
3.39899
3.28959
3.32907
3.24818
3.38733
3.3916
3.3261
3.20903
3.23175
3.5088
3.22491
2.96826
2.97399
159.546
7.72987
5.26005
4.29504
3.83606
3.40547
3.29225
3.30815
3.13715
3.20645
3.14823
3.1641
3.22267
3.16666
3.39352
3.27353
3.27584
3.20678
6.54728
7.60274
5.14447
4.11977
3.93654
3.3247
3.38831
3.3355
3.33411
3.28825
3.14884
3.42704
3.20894
3.34072
3.2754
3.17088
3.26831
3.25485
3.37503
3.14425
3.18777
3.42677
3.34608
3.25349
3.40637
3.41005
3.39688
3.36566
3.35037
3.4397
3.30396
3.35841
3.3113
3.35827
3.3575
3.37575
3.42799
3.38187
3.4214
3.35761
3.26079
3.3276
3.26816
3.33221
3.36468
3.17354
3.23549
3.344
3.32963
3.35853
3.1389
3.27489
3.42992
3.21404
6.50094
6.56604
5.45999
3.83228
3.70047
3.35233
2.76104
2.37221
2.66964
2.98422
3.01546
2.93027
2.83016
2.9658
2.92091
2.86142
2.97593
3.09546
3.04126
3.21168
3.21719
3.13878
2.89415
2.98103
3.02013
3.15996
3.05563
3.19097
3.24456
3.22544
3.22439
3.14645
2.93302
3.16048
3.27698
3.12047
3.18536
3.0577
3.20302
2.89146
2.90946
3.05999
1074.6
7.14257
5.55175
4.32704
3.51828
3.91719
3.40859
3.23708
3.28873
3.28254
3.11378
3.06066
3.33605
3.15893
3.19833
3.25872
3.07547
3.20272
3.19197
3.23153
3.36421
3.33763
3.28397
3.37974
3.26405
3.24122
3.2472
3.17123
3.11147
3.12186
3.18787
3.32281
3.25113
3.09314
3.21021
3.12568
3.43867
3.26385
3.33113
3.30957
3.34526
3.29271
3.17289
3.17941
3.14163
3.18883
3.26246
3.10086
3.28572
3.28326
3.16405
3.30565
3.35013
3.21015
7.58101
6.97069
4.07643
4.36202
4.57339
7.44309
4.80713
5.08959
3.56057
4.96132
3.60325
3.22362
3.14179
3.26986
2.9855
3.11613
3.23772
3.21952
3.34142
3.33902
3.12334
3.19433
3.32408
3.11709
3.1471
3.28739
3.2848
3.07133
3.10852
3.31093
2.9657
3.13927
3.33581
3.24176
2.99485
3.37073
3.2008
3.57164
3.38303
3.28134
3.3813
3.26865
3.37287
3.18547
3.33475
3.1348
3.07437
3.37232
3.07362
7.67356
7.45903
4.08059
4.1823
3.52817
3.09621
3.08293
3.22728
6.86612
5.94804
5.19198
3.77669
3.34734
3.2925
3.28122
3.31694
5.05889
7.72401
4.75041
4.23983
3.90086
3.23833
3.21106
3.27254
3.14714
2.99298
3.28979
3.1922
3.28486
3.20835
3.21782
3.25522
3.25945
3.17439
3.1145
3.06485
3.16412
3.05725
3.26125
3.31429
3.51341
3.26887
3.16577
3.31615
3.05292
3.15477
3.17005
3.19295
3.24981
3.10866
3.20228
3.23176
3.11664
3.15402
3.28985
3.16964
3.3282
14.3329
3.22551
3.17198
3.16596
2.91402
3.23616
3.24495
3.40355
3.14123
3.24579
3.47291
3.33156
3.26542
3.1439
3.27002
3.11127
3.1793
3.17055
3.28825
3.21057
3.12145
3.0806
3.11049
3.10742
3.86361
7.62155
6.24031
4.17451
4.08078
3.19995
3.23755
3.3265
3.1051
3.23019
3.31152
3.2119
3.13423
3.36434
3.32245
3.40935
3.3598
3.38911
3.4209
3.45647
3.35684
3.27489
3.28786
3.34136
3.34759
3.32877
3.39499
3.27919
3.31119
3.19579
3.24101
3.38073
3.3077
3.28681
3.13833
3.23948
3.23823
3.39399
3.28946
3.30286
3.38514
3.15711
6.37565
6.22274
5.9892
3.38151
3.38622
3.42474
3.24586
3.17834
3.32108
3.34413
3.43506
3.29857
3.21911
3.30014
3.13156
3.18106
3.18154
3.22194
3.22772
3.27986
3.3449
3.19977
3.2243
3.19342
3.35393
3.33258
3.24149
3.34579
3.31994
3.2867
3.36016
3.35256
3.37824
3.48789
3.31756
3.26071
3.35504
3.29632
3.19815
3.33988
3.23253
3.31598
3.27496
3.20653
3.34322
3.30392
3.40131
3.41512
3.38375
3.40451
3.3517
3.39906
3.38616
3.36044
3.38406
3.35002
3.33225
3.42519
3.2946
3.29047
3.38909
3.2625
3.26425
3.36595
3.33826
3.2576
3.34897
3.24279
3.23552
3.39751
3.20707
3.18515
3.08617
3.2764
3.41159
3.32431
3.40959
3.29258
3.37268
3.34972
3.48562
3.34293
3.29804
3.24367
3.18908
3.36121
3.29081
3.26088
3.11532
5.30281
7.55943
5.03646
4.40274
3.9588
3.30724
3.21119
3.32506
3.4006
3.27114
3.24747
3.21785
3.30505
3.32184
3.26518
3.17029
3.30001
3.33957
3.32938
3.34478
3.28319
3.28679
3.31438
3.14262
3.18466
3.20171
3.37835
3.32844
3.38918
3.23833
3.28461
3.30208
3.27001
3.18443
3.22814
3.30306
3.29904
3.22321
3.22054
3.34477
3.30954
3.24737
3.07962
3.32875
3.23346
3.29977
3.3396
3.26052
3.29089
3.28495
3.3252
3.06126
3.26773
3.40805
2.97439
3.09328
2.85611
3.31327
6.16979
6.75991
5.56018
3.5383
3.5637
3.31795
3.14077
3.30765
3.43122
3.19486
3.36634
3.31969
3.26524
3.30823
3.16217
3.12189
3.35901
3.3345
3.09281
3.07816
3.13571
3.11521
3.22036
3.40974
3.26848
3.37034
3.26438
3.26173
3.33953
3.42367
3.36065
3.22165
3.31423
3.26585
3.39478
3.22418
3.23637
3.37934
3.41005
3.42068
3.46322
3.23692
3.1184
3.27403
3.29914
3.21453
3.31102
3.2136
3.1983
3.20972
3.19277
3.28519
3.23696
3.12172
3.22402
2.97051
3.28045
3.30041
3.47592
3.34324
3.34921
3.32443
3.3199
3.27197
3.07247
3.12533
3.29523
3.1375
2.66887
3.09684
3.25589
3.38487
3.31245
3.20549
3.1515
3.25273
3.25421
3.18578
3.0647
3.03238
3.27324
3.2501
3.18047
3.06786
3.10339
3.36095
3.24835
3.34336
3.44254
3.35486
3.31257
3.40233
3.35906
3.15342
3.37229
3.17411
3.12363
3.16452
3.10851
3.25261
3.10315
3.11616
3.17185
3.2759
3.17437
3.26696
3.12945
3.19263
3.29762
3.1662
3.25921
3.42201
3.35928
3.36844
3.07935
3.16025
3.16365
3.17671
3.23187
3.32604
3.34079
3.45536
3.31286
3.28903
3.42568
3.09249
3.23808
3.14803
3.02851
3.22259
3.19106
3.35939
3.23854
3.172
3.08405
3.19221
2.81438
3.17872
3.304
3.23905
3.29306
3.23993
3.28909
4.1495
7.54259
5.02485
4.10384
3.81096
3.43951
5.19986
3.13981
3.24876
3.07384
3.18058
3.08941
3.23233
3.23434
3.13824
2.82913
3.01324
3.21835
3.19321
3.26054
3.44618
3.3219
3.36295
3.33261
3.16093
3.26076
3.37661
3.33902
3.11676
3.12683
3.08476
3.17593
3.12518
3.33192
3.31175
3.43408
3.35953
3.26649
3.34701
3.12921
3.24902
2.94438
3.19663
3.248
3.14778
3.25795
3.1466
3.10379
3.10677
3.14229
3.17201
3.26371
3.10864
3.16777
3.20005
3.24651
3.28132
3.33405
3.31887
3.29338
3.31267
3.25363
3.1894
3.20147
3.25929
3.30495
3.32161
3.35984
3.36776
3.39104
3.27717
3.22102
3.15347
3.23881
3.0763
3.25689
3.19439
3.17009
3.21713
3.30664
3.32204
3.38469
3.38983
3.30727
3.37179
3.34798
3.31104
3.3006
3.21066
3.22499
3.28394
3.31412
3.26395
3.18339
3.1677
3.17897
3.46201
3.29723
3.31563
3.41694
3.21847
3.23114
3.29664
3.25597
3.20654
3.27693
3.31019
3.28986
3.33913
3.246
3.37599
3.29743
3.30449
3.34906
3.4835
3.32761
3.28741
3.30716
3.2507
3.10234
3.14506
3.2522
3.14916
