15.1204
3.00054
3.98704
5.90603
4.03562
1.613
5.14112
6.80587
13.5249
5.19351
4.8222
4.91905
4.92457
1.9588
2.02963
14.4735
1.95721
1.97995
2.00338
4.33792
2.14425
5.24062
2.20052
2.02572
2.10088
2.06423
1.79429
1.44765
2.4584
1.92375
7.74491
1.85658
1.83171
1.57381
2.16556
2.48776
1.5429
1.65442
2.37161
2.10883
1.64657
1.94268
1.75227
1.73256
2.09519
2.06196
3.39633
1.05374
1.77097
1.99068
2.12922
1.65532
2.22454
2.17815
1.90272
1.68555
1.70462
1.78555
1.82431
2.07635
1.6392
1.71557
1.54755
1.48918
1.70564
1.68973
1.66714
1.92354
3.10895
1.82551
1.75554
1.84452
1.61367
1.7598
1.87315
2.27422
1.64521
1.71802
2.30956
1.47633
1.85794
1.79325
1.55341
1.7826
1.68551
1.6716
1.77811
1.67816
1.73748
1.81822
1.7635
1.7338
1.67367
1.4158
1.32513
2.10113
1.8045
1.85368
1.63187
1.81147
1.55654
1.8635
1.82086
1.69937
2.0258
1.59092
1.67746
1.90656
1.73944
1.70695
2.03789
1.57823
1.82254
1.84531
1.63237
1.76033
1.91053
1.8413
1.82308
1.85823
1.78233
1.88599
2.34158
2.2681
1.90581
1.81749
2.01953
1.32442
1.33286
1.48567
1.89502
1.79936
1.57391
1.50104
2.42941
1.87996
1.67257
1.84559
1.56586
1.47316
1.57249
1.62482
2.51145
1.86989
1.77724
1.6785
1.47808
1.3118
1.87688
1.57338
1.47094
2.6259
1.51687
1.65188
1.68656
1.53953
1.66871
1.44229
1.59189
1.81347
1.55248
2.72416
1.82116
1.58166
1.51263
1.50066
1.63761
1.59871
1.55538
1.57728
1.74147
1.46407
1.70493
115.398
1.78564
1.97547
1.60265
1.92987
1.76635
1.67519
1.72542
1.71708
2.00687
1.60903
1.74192
1.79014
1.61007
1.75713
1.75756
1.79216
1.68921
2.82471
2.86657
3.43327
2.1059
1.68782
1.53023
1.59036
1.99243
2.37175
1.97114
3.82199
3.0332
2.83281
2.58592
2.01007
1.56914
2.48941
1.76912
2.07376
2.0205
1.77637
2.10634
1.94864
1.9093
1.77654
1.01238
1.94279
1.81875
1.77684
1.86741
1.84286
1.73211
1.86711
2.04113
1.72181
1.57447
1.80584
1.91194
1.88262
1.74225
1.64702
1.73456
1.7379
1.82736
1.61935
1.70453
1.9034
1.74293
1.64171
1.66609
1.84712
1.70478
1.62134
1.65456
1.62125
1.68172
1.6799
1.65773
1.71223
1.71592
3.99659
1.82398
2.06385
2.41418
2.47974
2.09089
1.95382
1.75435
1.70632
1.91784
1.7565
1.71011
1.82606
2.05106
1.66653
1.69543
1.78179
1.70527
1.90221
1.98472
1.88853
0.914158
1.77707
1.64874
1.66167
1.7976
1.66458
2.25494
1.91092
2.90541
1.7611
1.48589
1.88767
1.72226
1.89833
1.66733
1.99849
1.72036
1.75666
1.66181
1.89001
1.76638
1.68387
1.77704
2.07851
1.69355
1.76941
5.23801
1.67524
1.64955
1.77317
1.8475
1.72401
1.59398
1.54596
1.81027
1.34455
1.51246
1.26525
1.37112
1.27164
1.43909
1.45454
2.07443
1.68542
1.65738
1.66985
1.59865
1.52433
2.01763
1.63389
1.55945
1.64668
274.28
1.79296
1.77904
1.73024
1.63729
1.65004
0.90129
2.8463
1.41606
1.62853
1.60896
1.74921
1.6339
1.65414
2.51132
3.35335
2.30246
1.54292
1.6998
1.52375
1.67633
4.66497
1.77969
1.6621
1.65391
1.61685
1.62705
1.73201
1.54413
0.992777
1.70447
1.76518
1.63859
1.68971
1.76788
1.8813
1.56737
1.78893
1.72639
1.73862
1.68152
1.7073
1.70881
3.22989
1.96438
1.72485
1.68729
1.65724
1.68314
1.51308
1.36668
1.26382
1.40878
1.27778
1.26734
1.33065
1.42507
1.32465
1.22984
1.24153
1.31347
1.29278
1.27986
1.24908
1.39479
1.26427
1.28402
1.32531
1.68205
1.49865
1.69535
1.41933
1.46809
1.45964
1.46563
1.30934
1.51855
1.37291
1.55722
1.33499
1.35259
1.42839
1.49653
1.25891
1.34361
1.53454
1.46204
1.38937
1.52092
1.43266
1.3558
1.29678
1.21121
1.23726
1.56367
1.62296
1.28587
1.2768
1.21227
1.21026
1.38196
1.23646
1.34208
1.64838
1.37696
1.46673
1.4943
1.3454
1.38324
1.08116
1.46494
1.3347
1.19042
1.34018
1.27236
1.34921
1.2853
1.31155
1.30235
1.20802
1.26061
1.23626
1.47847
1.47531
1.5569
1.29386
1.2829
1.29979
1.30825
1.42085
1.48414
1.4592
1.62629
1.44789
1.18811
1.37648
1.48967
1.38435
1.16612
1.16225
1.20585
1.33217
1.30432
1.46068
1.62693
1.43313
1.34553
1.21446
1.22867
1.25138
1.26747
1.2572
0.657226
1.4017
1.35353
1.57883
1.80237
1.70846
1.52193
1.42829
1.45624
1.66637
1.9354
1.67924
1.63694
1.63832
1.87085
1.6301
1.8409
1.72296
1.83466
1.60096
1.79913
1.65207
1.74177
1.5806
1.71397
1.61342
1.8073
1.84419
1.62242
1.61207
1.64276
3.16468
1.457
1.16773
1.32072
1.76168
2.08842
1.74323
1.35636
1.7833
1.62586
1.34277
1.60617
1.58401
1.70701
1.59958
1.67815
1.63574
1.87144
1.85245
1.68113
1.72827
1.74695
1.67266
1.75449
1.54289
1.67415
1.55311
1.50224
1.80016
1.68718
1.17909
1.22268
1.32462
1.22033
1.25354
1.3062
101.173
3.80306
4.91511
1.86873
2.01675
1.75493
1.81899
3.34804
3.6973
2.33846
1.91705
2.31129
1.99066
2.07891
2.04592
1.86192
1.70854
1.74893
1.87228
1.7689
1.68572
1.85103
1.80719
2.02755
1.75381
1.98536
1.84419
1.89622
2.26088
1.89695
1.87416
1.81421
1.06609
1.81594
2.00477
1.83932
1.67963
1.8022
1.51743
1.57247
1.27046
1.34025
1.56349
1.57212
1.46872
1.60762
1.66778
1.43951
1.44955
1.39159
1.35949
1.30391
1.49706
1.30578
1.53984
1.30383
1.28527
1.1474
1.41781
1.46258
1.45026
1.40887
1.5716
1.37886
0.845094
1.64319
1.69816
0.803526
1.62512
1.55385
1.61803
1.60147
1.372
1.8921
1.66344
1.83293
1.96608
1.7106
1.70422
1.6315
1.82415
1.70258
1.78677
1.70204
1.77364
1.81869
1.50458
1.76608
1.75798
2.12206
1.96756
1.76302
1.78341
1.83352
1.69724
1.70591
1.76377
1.73173
2.13952
1.87382
1.6623
1.68749
1.67344
1.63555
1.76367
1.59706
1.73803
1.71034
1.51497
1.6608
1.64733
1.63953
1.67047
1.60537
1.6372
1.57135
1.64902
1.7769
1.63241
1.54876
1.25092
1.27105
1.25911
1.25611
1.55546
1.61798
1.26856
1.34636
1.37834
1.43135
1.23077
1.46098
1.25653
1.14431
1.36364
1.31864
1.39563
1.36545
1.22562
1.21438
1.24795
1.5219
1.20266
1.29066
1.3314
1.30231
1.22134
1.19279
1.30144
1.37038
0.652992
1.28551
1.21788
1.35264
1.24924
1.24505
1.45216
1.60713
1.7195
1.60332
1.56885
1.5401
1.54318
1.54053
1.63762
1.56661
1.73548
1.62711
1.90427
1.51231
1.58836
1.37754
1.64487
1.74114
1.83341
2.01415
1.81288
1.50388
1.6927
1.38914
1.44981
1.35165
1.82364
1.79136
1.48625
1.48375
1.33739
1.42912
1.37345
1.30944
1.43177
1.27619
1.18477
1.20307
1.29662
1.22933
1.23829
1.33221
1.5925
1.18722
1.57865
1.61101
1.40521
1.3993
1.58227
1.42494
1.31447
1.25261
1.75221
1.54533
1.3458
1.48043
1.45328
1.59506
1.45887
1.54453
1.54462
1.18122
1.33387
1.36626
1.25729
1.21211
1.30692
1.22434
1.17986
1.40506
1.21115
1.36081
1.34745
1.29697
1.58656
1.53621
1.34659
2.09557
1.22383
1.23922
1.4186
1.34851
1.5935
0.636625
1.43069
1.72914
1.66503
1.58864
4.98623
1.84579
1.72174
1.71853
1.72193
1.71982
1.64926
1.63252
1.67606
1.67466
1.88398
1.89255
1.80871
1.71935
1.75082
1.74674
1.87838
4.95555
2.9702
1.58718
4.33081
1.55556
4.93839
147.034
1.99673
1.78835
1.58354
1.46113
1.57701
1.43986
1.97283
1.5578
1.6424
1.50964
1.55119
1.53567
1.6137
1.54462
2.84226
1.59956
1.51756
1.86398
1.69688
1.64528
1.52253
1.73735
1.62127
1.61574
1.56766
1.69288
1.60417
0.865313
1.92019
1.67125
1.74916
1.54108
1.70626
1.87594
0.832149
1.87255
1.63097
1.6213
1.70568
1.60909
1.62152
1.62257
1.78257
1.67244
1.79106
1.55765
1.56124
1.64033
1.96251
1.71333
1.5897
1.60291
1.56462
1.50392
1.51331
1.54231
1.83553
1.59943
1.54539
1.56826
1.54501
1.50477
1.72111
1.5817
1.67941
1.51768
1.75659
1.65015
1.6452
1.708
1.7767
1.80057
1.82518
1.55662
1.62423
1.52156
1.57842
1.61571
1.59914
1.50979
1.80288
1.97791
2.15608
2.05273
1.77907
1.91365
1.89793
1.91015
2.4598
192.636
1.50011
1.39122
1.41047
1.70173
1.70029
1.44889
1.50151
1.56934
1.39213
1.74912
1.61706
1.67236
1.83752
1.72519
1.94013
1.7363
1.85881
1.76243
1.82771
1.73704
1.70041
6.85673
1.73083
2.39166
3.32494
3.4994
2.25973
1.82086
1.62175
1.68167
1.63829
1.8395
1.73816
1.81999
1.44069
1.72233
1.67804
1.68248
1.64329
1.64992
1.62065
1.6614
1.80465
1.95484
1.60962
1.65142
1.80869
1.65667
1.62359
1.73163
1.84435
1.81363
1.87747
1.59365
2.10548
1.75327
1.66455
1.655
1.64077
1.95866
1.87887
1.69179
2.12688
2.06035
1.68486
1.9158
1.99081
1.82293
1.82426
1.66474
1.7018
1.79177
1.85682
1.76264
1.64649
1.78454
1.86214
1.75254
1.62215
1.84046
1.86331
1.72814
1.68409
1.76526
1.6608
1.70739
1.76954
1.69974
1.65255
1.94219
1.63155
1.73258
1.93818
1.70029
1.68534
1.60409
1.70595
1.7778
0.856333
1.68983
1.42191
1.81412
1.65647
1.85394
2.01189
1.87827
1.78344
1.78601
1.74168
1.66489
1.68015
1.85414
1.76969
1.67616
6.30036
1.69191
1.87962
2.00156
1.9143
1.70953
1.81731
1.76902
1.97403
1.54856
1.67125
1.59393
1.70354
1.59043
1.5787
1.63046
1.60211
92.3834
1.65783
1.43416
1.45478
1.63217
1.60089
1.52591
2.96171
2.70982
3.24943
3.20641
3.22441
3.35783
3.21585
3.32705
3.40794
1.77759
1.67193
2.03385
1.59314
1.656
1.57413
1.62176
1.60632
1.65312
1.61032
1.58712
1.56623
1.49395
1.59786
1.5538
1.67746
1.6825
1.55638
1.67822
1.41125
3.56651
1.65694
1.76488
1.78577
1.90351
1.42522
1.28329
1.26077
1.3544
1.29502
1.3228
1.46073
1.23384
1.2824
1.46806
1.10802
1.30706
1.21655
1.21444
1.22925
1.23302
1.29149
1.17002
1.3209
1.49261
1.32373
1.24703
1.26217
1.04845
1.25908
1.40257
1.2222
1.19228
1.47745
1.29736
1.28047
1.25482
1.19511
1.2108
1.22387
1.23345
1.24974
1.35394
1.58238
1.44308
0.989586
1.41552
1.46418
1.1981
1.37839
1.34387
2.31486
1.33494
1.63749
1.54185
1.52819
1.87762
1.70404
1.53407
1.79621
1.3453
1.38041
1.45165
1.28791
1.35091
1.40341
1.52508
1.53338
1.33384
1.50913
1.41479
1.43572
1.47713
1.50652
1.35507
1.41119
1.55526
1.35537
1.46194
1.73113
1.47453
1.61613
1.45903
1.69264
1.73201
1.68356
1.6209
1.6098
1.7554
1.66949
1.83356
1.75959
2.46051
1.7953
1.75565
1.65583
1.80382
1.69837
1.62204
1.8396
1.57872
1.63083
1.59213
1.66676
1.60144
1.66349
1.59341
1.54519
1.61397
2.04291
1.76945
1.75157
1.83737
1.82497
1.87482
1.51818
1.7682
1.5993
1.51762
1.80124
1.70888
1.78895
1.04444
1.5709
1.73915
1.61609
1.64679
1.7152
1.65857
1.7531
1.65308
1.57197
1.59961
1.64384
1.83633
0.809132
1.66459
1.81335
1.82328
1.81251
1.6603
1.77499
1.64308
1.67098
1.63689
1.77018
1.59861
1.66301
1.72895
0.862586
1.6063
1.66792
1.76046
1.63866
1.68624
1.62933
1.85166
1.69613
1.76759
1.74905
1.72897
1.52215
1.31714
1.47181
1.59964
1.76242
2.00177
1.60412
1.71225
1.6807
1.66171
1.63878
1.73296
1.81839
1.65986
1.6987
1.60944
1.64983
1.73954
1.75489
1.82634
1.62124
1.76136
1.65403
1.84444
1.81757
1.69612
1.67211
1.69951
1.90065
1.81
1.78607
1.71247
1.66299
1.66487
1.83468
1.56736
1.61501
1.74026
1.72107
2.31335
1.90254
1.68209
1.58402
1.70632
1.7902
1.62653
1.66152
1.67033
1.64859
1.6861
1.98672
1.74932
1.76484
1.73618
1.72591
1.8039
1.89696
1.72149
1.97101
1.68572
1.7444
1.40183
1.88812
1.62801
1.61756
1.55705
1.74195
1.61961
1.78091
1.80916
1.90518
1.52042
1.8467
1.74456
1.79923
1.59102
1.83862
1.73422
1.71539
1.5594
1.65819
1.8373
1.7158
1.73816
1.57906
1.75657
1.89484
1.86922
1.61613
1.77088
1.72434
1.71405
1.55822
1.81088
1.61226
1.78752
1.66564
1.73321
1.97934
1.78266
1.70122
1.65142
1.79718
1.66599
1.79183
1.69959
1.55774
1.5571
0.845331
1.65041
1.78333
1.93484
1.38563
1.72296
1.62955
1.68756
1.84408
1.88715
1.87587
1.67316
1.87618
1.67953
1.68654
1.77151
1.80844
1.69387
2.00912
1.41656
2.16097
1.5394
1.79365
1.67733
1.43437
1.66367
1.58447
1.5765
1.54935
1.67665
2.51763
0.813473
1.69764
1.52315
1.65914
1.6438
1.62345
1.59585
1.71804
1.48958
1.71994
1.79532
1.84959
1.9511
1.58203
1.69649
1.53659
1.51809
1.43085
1.4776
1.26309
1.60721
1.2952
1.5662
1.53536
1.54631
1.58573
1.5802
1.34143
1.61823
1.39368
1.78781
1.8281
1.67202
1.52296
1.41408
1.54318
1.57979
1.54384
1.51074
1.47223
1.57657
1.41973
1.71049
1.56665
1.79574
1.57547
1.65995
1.58398
1.50497
1.23009
1.6999
1.52817
1.44797
1.51901
1.50834
1.47819
1.3946
1.63519
1.43545
1.55285
1.6266
1.47435
1.47427
1.59817
1.45677
1.53723
0.757997
1.5491
1.65143
1.58188
0.881091
1.56552
1.58391
1.7154
1.56307
1.40641
1.22
1.51823
1.4577
1.49061
1.43392
1.2575
1.62236
1.48731
1.57193
1.28025
1.44581
1.1574
1.14951
1.14829
1.40088
1.27423
1.32393
1.30396
1.35669
1.18467
1.10655
1.22479
1.19281
1.30075
1.22829
0.690306
1.15323
1.19145
1.44682
1.22377
1.16207
1.1567
1.33551
1.46174
1.35229
1.54221
1.28632
1.34868
1.41202
1.6998
1.69335
1.64295
1.62557
1.66572
1.5585
1.63808
2.00428
1.61195
1.5054
1.61468
1.64949
1.6902
1.7223
1.43297
1.67877
1.65186
1.66083
1.57346
1.9578
1.5824
1.45324
1.58615
1.58305
1.53782
1.70736
1.71006
1.57403
1.60534
1.72429
1.6468
1.71707
1.74377
1.51962
1.54493
1.594
1.56176
1.75521
1.54839
1.6195
1.59959
1.5143
1.77
1.6392
1.65595
1.65667
1.79627
1.61285
1.54127
1.65575
1.5657
1.42278
1.5082
1.63807
1.49572
1.88045
1.50276
1.60384
1.69054
1.71317
1.92203
1.54038
1.69257
1.69821
1.59921
1.55588
1.59905
1.55324
1.54008
1.60825
1.61811
1.78282
1.72875
1.91818
1.74638
1.61487
1.69285
1.57591
1.71655
1.51573
1.64065
1.54934
1.57524
1.57898
1.65252
1.78761
1.77916
1.7519
1.6945
1.45884
1.69545
1.36958
1.7891
1.77238
1.56915
1.87932
1.75222
1.41242
1.57294
1.78353
1.50586
1.6409
1.4166
1.34851
1.44411
1.65046
1.48482
1.77575
1.45032
1.55557
1.36891
1.61193
1.55795
1.30293
1.42042
1.33892
1.17875
1.35926
1.27632
1.31669
1.35929
1.15443
1.17633
1.68501
1.33964
1.43012
1.21585
1.31242
1.49848
1.48705
1.52565
1.81109
1.72064
1.43596
1.25665
1.33424
1.43589
1.5714
1.376
0.866792
1.30666
1.58012
1.29941
1.23274
1.21736
1.20361
1.45339
1.69979
1.80149
1.58514
1.66515
1.79355
1.65805
1.60687
1.65579
1.80657
1.54419
0.853685
1.81398
1.66761
1.65038
1.77822
1.68428
1.91759
1.40293
1.69753
1.74653
1.55496
1.49718
1.51646
1.60349
1.65859
1.63302
1.66124
1.70896
1.61178
1.62699
1.38535
1.31633
1.58291
1.73752
1.73002
1.67334
1.66109
1.53926
1.57113
1.63584
1.72054
1.38132
1.57858
0.895451
1.73786
1.6532
1.58714
1.7271
1.67451
1.79175
1.88512
1.75297
1.22416
1.239
1.23959
1.5916
1.59559
1.44216
1.7067
1.61809
1.86583
1.57797
1.77301
1.39164
1.71904
1.5656
1.61918
1.5134
1.67702
1.57234
1.69194
1.60167
1.74512
1.5513
1.44035
1.56206
1.85454
1.68585
1.55692
1.86698
1.58143
1.58769
1.66332
1.65702
1.63742
1.67555
1.49784
1.39844
1.57211
1.61611
1.60962
1.60027
1.8768
1.62027
1.35079
1.58017
1.54837
1.60337
1.41171
1.24609
1.39925
1.63247
1.53723
1.17263
1.19001
1.20871
0.633646
1.28099
1.1702
1.32394
1.15466
1.25562
1.24678
0.983028
1.23909
1.29993
1.28209
1.24894
1.26933
1.16659
1.15315
1.14779
0.729637
1.31889
1.14934
1.18817
1.55697
1.39817
1.3549
1.52072
1.45813
1.30791
1.19488
1.16609
1.51258
1.18601
1.34303
1.38147
1.33388
1.33195
1.48177
1.54982
1.91117
1.46728
1.39853
1.4082
1.14643
1.15672
1.28175
1.24288
1.24917
1.17119
1.25204
1.29039
1.23245
1.25978
1.18822
1.20375
1.49652
1.34987
1.27128
1.32215
1.04686
1.40366
1.86848
1.38854
1.44001
1.42472
1.47816
1.30045
1.17987
1.27697
1.30293
1.21055
1.63355
1.50231
1.16904
1.3392
1.18056
1.17051
1.20166
1.12944
1.2143
1.19219
1.18954
1.1319
1.50544
1.46018
1.60374
1.50461
1.35909
1.29183
1.21729
1.24477
1.18831
1.28241
1.1749
1.18144
1.39139
1.26163
1.16644
1.25089
1.25616
1.34144
1.14203
1.17169
1.21761
1.37884
1.2135
1.18056
1.1733
1.3668
1.47372
1.07453
1.32452
1.15879
1.21547
1.26709
1.18055
1.16041
1.31247
1.43008
1.28467
1.32956
1.24101
1.40789
1.4329
1.37772
1.51641
1.26603
1.67971
1.44621
1.48298
1.17096
1.25492
1.22044
1.22342
1.15254
1.17782
1.66049
1.18681
1.13567
1.18146
1.16225
1.13351
1.16311
1.1406
1.11861
1.80677
1.14428
1.04028
1.11822
1.22656
1.15227
1.25469
1.25405
1.35797
1.18933
1.37144
1.18215
1.16406
0.97373
1.41415
1.3201
1.25077
1.21456
1.26115
1.17457
1.18113
1.24039
1.0466
1.21575
1.33603
1.15396
1.15155
1.08672
1.24163
1.52034
1.24278
1.19507
1.659
1.47641
1.35559
1.48681
1.39904
0.728133
1.42836
1.24055
1.83091
1.22466
1.14714
1.17043
1.25781
1.39289
1.1627
1.3815
1.19691
1.13257
1.20464
1.19091
1.21045
1.16775
1.2763
1.30474
1.27959
1.39924
1.53892
1.26676
1.32081
1.17067
1.25985
1.3069
1.24319
1.26959
1.18819
1.31766
1.66916
1.48879
1.5095
1.43688
1.53987
1.59665
0.767357
1.46392
1.49623
1.43272
1.50104
1.54507
6364.72
1.54294
1.49434
1.48246
3.1372
11.3447
3.09628
2.79758
2.56703
2.94902
2.79731
2.68973
2.19077
1.96142
1.82644
1.94994
2.554
2.88058
2.33784
2.4328
1.9279
1.79347
1.9635
1.89694
1.66183
3.82289
2.38767
2.70824
2.1566
3.05821
3.81283
3.17236
2.93942
1.50318
3.3145
2.57584
2.80301
4.28357
2.24353
2.17727
1.69788
2.66538
